9.975008368492126465e-01
9.991907477378845215e-01
8.919472694396972656e-01
9.972761273384094238e-01
9.054650664329528809e-01
5.904115438461303711e-01
6.618074774742126465e-01
1.684675216674804688e-01
8.096280694007873535e-01
7.714582234621047974e-02
8.522421121597290039e-01
3.359946906566619873e-01
9.017557501792907715e-01
9.806762933731079102e-01
9.993873834609985352e-01
9.660912752151489258e-01
7.663772702217102051e-01
5.166238546371459961e-01
2.925672195851802826e-02
4.500044286251068115e-01
2.900428175926208496e-01
1.188804954290390015e-02
5.357974767684936523e-01
8.840750455856323242e-01
1.052625551819801331e-01
9.978439807891845703e-01
9.956883788108825684e-01
8.771968483924865723e-01
8.328831791877746582e-01
2.012609243392944336e-01
2.429015487432479858e-01
9.692502617835998535e-01
2.309486828744411469e-02
1.119514629244804382e-01
8.203696608543395996e-01
6.364476680755615234e-01
9.162910580635070801e-01
9.532740712165832520e-01
9.806929230690002441e-01
9.865808486938476562e-01
7.249545454978942871e-01
6.260687112808227539e-01
9.407896399497985840e-01
1.589302159845829010e-02
9.939849972724914551e-01
9.980717301368713379e-01
9.982205033302307129e-01
9.814721345901489258e-01
8.452437520027160645e-01
9.416254758834838867e-01
2.661983668804168701e-01
6.387921571731567383e-01
9.895920157432556152e-01
8.654437661170959473e-01
9.938930273056030273e-01
9.849244952201843262e-01
2.305676490068435669e-01
9.777925014495849609e-01
4.803301095962524414e-01
6.181325912475585938e-01
9.313774108886718750e-01
9.775890111923217773e-01
9.842834472656250000e-01
8.168436884880065918e-01
1.857558637857437134e-01
9.903752207756042480e-01
6.552400439977645874e-02
5.897709727287292480e-02
4.077287018299102783e-01
5.343172550201416016e-01
6.715959310531616211e-01
7.080479264259338379e-01
7.101457715034484863e-01
5.588539838790893555e-01
9.075431227684020996e-01
1.439126878976821899e-01
8.850494027137756348e-01
3.447126746177673340e-01
2.563709318637847900e-01
7.934125661849975586e-01
9.874233007431030273e-01
7.193854451179504395e-02
9.886361956596374512e-01
3.044108748435974121e-01
9.497457146644592285e-01
4.542843699455261230e-01
4.081576764583587646e-01
8.782479166984558105e-01
9.169955253601074219e-01
9.971160888671875000e-01
6.194130182266235352e-01
9.774916172027587891e-01
7.184991836547851562e-01
4.986134767532348633e-01
9.859678149223327637e-01
9.982268214225769043e-01
8.337593674659729004e-01
1.786316037178039551e-01
8.051468133926391602e-01
9.891464710235595703e-01
6.394572257995605469e-01
9.140196442604064941e-01
9.948858618736267090e-01
9.711324572563171387e-01
9.482071995735168457e-01
9.601860642433166504e-01
6.439442038536071777e-01
2.132877856492996216e-01
1.991372108459472656e-01
8.219662904739379883e-01
9.605540633201599121e-01
7.981312274932861328e-01
9.916837215423583984e-01
9.959388971328735352e-01
9.434703588485717773e-01
7.253633141517639160e-01
9.409128427505493164e-01
2.275571972131729126e-02
9.530329108238220215e-01
9.756631255149841309e-01
9.358335733413696289e-01
9.416131973266601562e-01
8.672177791595458984e-01
9.887328147888183594e-01
8.374240398406982422e-01
8.721622228622436523e-01
8.539051413536071777e-01
9.431301355361938477e-01
3.702727556228637695e-01
8.823672533035278320e-01
9.967111349105834961e-01
4.054103493690490723e-01
9.469187259674072266e-01
4.067902863025665283e-01
9.591578245162963867e-01
9.178557991981506348e-01
9.818961620330810547e-01
8.913511037826538086e-01
9.998371601104736328e-01
9.964074492454528809e-01
9.970073103904724121e-01
9.513939619064331055e-01
9.941378831863403320e-01
9.923505187034606934e-01
9.976359605789184570e-01
9.997019171714782715e-01
9.687707424163818359e-01
9.979414343833923340e-01
9.886483550071716309e-01
9.822272658348083496e-01
9.951531887054443359e-01
9.733192920684814453e-01
9.818713665008544922e-01
9.984309077262878418e-01
8.359998464584350586e-01
9.611429572105407715e-01
9.998144507408142090e-01
4.960157573223114014e-01
9.964674711227416992e-01
9.690815210342407227e-01
7.657634615898132324e-01
7.450079321861267090e-01
8.135020732879638672e-01
4.413167834281921387e-01
1.959816813468933105e-01
9.877032041549682617e-01
9.878510832786560059e-01
2.593494057655334473e-01
5.970661044120788574e-01
9.915674328804016113e-01
8.631396889686584473e-01
9.494837522506713867e-01
9.777640104293823242e-01
9.980649352073669434e-01
9.151947498321533203e-01
3.223081231117248535e-01
9.667961597442626953e-01
7.437562346458435059e-01
9.490044116973876953e-01
9.056950211524963379e-01
9.850851893424987793e-01
7.307709455490112305e-01
8.551296591758728027e-01
9.369414448738098145e-01
9.446690082550048828e-01
9.519680142402648926e-01
9.463589191436767578e-01
5.205975770950317383e-01
3.289323449134826660e-01
9.940834641456604004e-01
9.857088327407836914e-01
9.553955793380737305e-01
9.520261287689208984e-01
9.998109936714172363e-01
4.124276340007781982e-01
9.829788804054260254e-01
9.807026982307434082e-01
9.482121467590332031e-01
9.988029003143310547e-01
9.704185128211975098e-01
9.970421195030212402e-01
9.978653788566589355e-01
9.671921133995056152e-01
9.886696338653564453e-01
9.926518797874450684e-01
9.971758127212524414e-01
9.768163561820983887e-01
3.673453330993652344e-01
9.772413969039916992e-02
5.460270866751670837e-02
8.037190437316894531e-01
9.563951492309570312e-01
9.886146783828735352e-01
1.068389508873224258e-02
9.516286849975585938e-01
4.919906854629516602e-01
9.438278153538703918e-03
9.538308978080749512e-01
9.794178605079650879e-01
2.201197147369384766e-01
7.973026633262634277e-01
8.889859318733215332e-01
9.979546070098876953e-01
2.659521400928497314e-01
5.792363882064819336e-01
7.682961225509643555e-02
9.358912706375122070e-01
4.153668284416198730e-01
4.839273542165756226e-02
8.742754459381103516e-01
5.396351814270019531e-01
7.832131981849670410e-01
7.500488758087158203e-01
7.840141654014587402e-01
4.452507495880126953e-01
8.883248567581176758e-01
1.633344590663909912e-01
9.856600761413574219e-01
6.913418769836425781e-01
3.339739739894866943e-01
2.366169244050979614e-01
9.890947937965393066e-01
2.994451224803924561e-01
3.840095400810241699e-01
6.983280181884765625e-01
9.829142689704895020e-01
5.339586138725280762e-01
2.779852151870727539e-01
9.601419419050216675e-02
4.295214712619781494e-01
2.484507672488689423e-02
2.760690450668334961e-01
4.318065643310546875e-01
1.220329757779836655e-02
9.878151416778564453e-01
9.299595355987548828e-01
5.298748612403869629e-01
1.222609914839267731e-02
3.382285311818122864e-02
8.121377229690551758e-01
2.282849997282028198e-01
1.130355428904294968e-02
2.955414820462465286e-03
5.879897996783256531e-02
1.357803046703338623e-01
1.746304146945476532e-02
4.226528108119964600e-01
2.547080442309379578e-02
8.307925462722778320e-01
3.695519268512725830e-01
1.605522185564041138e-01
2.039324194192886353e-01
3.740941407158970833e-03
4.195829033851623535e-01
2.583248615264892578e-01
2.720524072647094727e-01
7.459582388401031494e-02
2.655290998518466949e-02
9.318928234279155731e-03
1.234623715281486511e-01
1.395729742944240570e-02
1.545176357030868530e-01
1.098574511706829071e-02
2.900401651859283447e-01
8.992020040750503540e-02
7.737696915864944458e-02
2.674272954463958740e-01
2.240801416337490082e-02
1.760020554065704346e-01
7.803104817867279053e-02
2.391109988093376160e-02
2.979654632508754730e-02
6.063254475593566895e-01
1.806235909461975098e-01
2.055652067065238953e-02
7.451059669256210327e-02
8.952675014734268188e-02
3.103034012019634247e-02
3.292986154556274414e-01
1.176935527473688126e-02
5.249759182333946228e-02
9.888908267021179199e-02
1.105420738458633423e-01
3.086422756314277649e-02
1.650934517383575439e-01
3.305078670382499695e-02
8.734257221221923828e-01
4.346493780612945557e-01
9.911263585090637207e-01
9.993894100189208984e-01
2.200551778078079224e-01
2.013102322816848755e-01
9.537840485572814941e-01
9.402210712432861328e-01
3.735928833484649658e-01
5.152513980865478516e-01
5.749256610870361328e-01
1.219830811023712158e-01
2.235020399093627930e-01
7.389921545982360840e-01
2.379689514636993408e-01
9.973419308662414551e-01
3.017513155937194824e-01
2.742210626602172852e-01
1.465555280447006226e-01
5.129171013832092285e-01
8.622698783874511719e-01
9.090555310249328613e-01
9.400585889816284180e-01
9.975804090499877930e-01
2.539584934711456299e-01
9.255664944648742676e-01
9.889791011810302734e-01
6.143962964415550232e-02
8.509694933891296387e-01
7.307503819465637207e-01
9.901242852210998535e-01
2.581596970558166504e-01
9.515068531036376953e-01
9.569132924079895020e-01
7.409610152244567871e-01
9.951366782188415527e-01
9.530811905860900879e-01
1.399815976619720459e-01
8.203279376029968262e-01
1.995622366666793823e-01
9.940312504768371582e-01
9.677795767784118652e-01
9.979994893074035645e-01
1.675083637237548828e-01
4.033850133419036865e-01
2.740097790956497192e-02
8.911561369895935059e-01
7.478631138801574707e-01
1.664777845144271851e-02
3.493138551712036133e-01
8.188074827194213867e-01
9.869472980499267578e-01
1.881860792636871338e-01
9.933497309684753418e-01
9.022843241691589355e-01
9.171384572982788086e-01
9.992077946662902832e-01
2.628647983074188232e-01
9.606260061264038086e-01
9.951764345169067383e-01
9.958996176719665527e-01
9.091107845306396484e-01
5.474505424499511719e-01
9.077718257904052734e-01
3.975775092840194702e-03
3.979677800089120865e-03
7.492665946483612061e-02
4.568479023873806000e-03
1.354098692536354065e-02
1.059546601027250290e-03
1.198467449285089970e-03
1.794187128543853760e-01
1.111357286572456360e-02
7.117963582277297974e-02
1.289705783128738403e-01
4.433071881067007780e-04
1.366268657147884369e-02
4.643568769097328186e-03
1.609280705451965332e-02
3.287072852253913879e-02
1.078187115490436554e-02
9.944548010826110840e-01
9.999003410339355469e-01
8.853943943977355957e-01
9.301056265830993652e-01
9.108310341835021973e-01
9.984970092773437500e-01
3.977287709712982178e-01
9.977987408638000488e-01
9.569264650344848633e-01
8.606787025928497314e-02
3.342812880873680115e-02
1.165555417537689209e-02
8.984574675559997559e-01
9.465451836585998535e-01
1.068942472338676453e-01
6.739260256290435791e-02
7.947164773941040039e-02
5.986500531435012817e-02
2.168522030115127563e-01
5.764766931533813477e-01
4.803176596760749817e-02
1.538433730602264404e-01
3.801702558994293213e-01
4.242264032363891602e-01
3.762884438037872314e-01
1.603520363569259644e-01
1.819322854280471802e-01
9.481051564216613770e-01
9.878759384155273438e-01
1.187046244740486145e-02
1.725267767906188965e-01
9.937568902969360352e-01
9.759550690650939941e-01
7.113095372915267944e-02
9.268475770950317383e-01
5.640767887234687805e-02
8.040031790733337402e-02
5.775623321533203125e-01
2.039228379726409912e-01
9.965935349464416504e-01
7.353530526161193848e-01
4.207454621791839600e-02
6.779073923826217651e-02
7.539762258529663086e-01
5.851200222969055176e-01
9.924232959747314453e-01
8.751809000968933105e-01
1.589748859405517578e-01
9.897692203521728516e-01
8.377932906150817871e-01
6.277804076671600342e-02
1.481393426656723022e-01
1.131423488259315491e-01
3.320925682783126831e-02
7.538831830024719238e-01
8.159731626510620117e-01
1.466766744852066040e-01
8.706635236740112305e-01
6.272692084312438965e-01
1.717097908258438110e-01
2.278882116079330444e-01
7.663891911506652832e-01
5.910390019416809082e-01
2.205521911382675171e-01
8.829028159379959106e-02
2.745473682880401611e-01
3.506251052021980286e-02
5.624964237213134766e-01
1.601785570383071899e-01
9.754273891448974609e-01
5.227628946304321289e-01
3.123930692672729492e-01
9.928144812583923340e-01
1.207667961716651917e-01
4.104748964309692383e-01
9.898243546485900879e-01
9.537366628646850586e-01
2.152209430932998657e-01
6.719669103622436523e-01
5.999679565429687500e-01
3.193426430225372314e-01
8.168311715126037598e-01
6.937173604965209961e-01
9.809854626655578613e-01
4.500608444213867188e-01
2.477749288082122803e-01
1.704096794128417969e-01
2.790137566626071930e-02
9.880863428115844727e-01
9.866880774497985840e-01
3.786908984184265137e-01
5.028479173779487610e-02
9.358240365982055664e-01
5.809390544891357422e-02
3.972216974943876266e-03
6.019442677497863770e-01
3.083818554878234863e-01
4.449608922004699707e-01
8.245102167129516602e-01
4.824325144290924072e-01
9.975187778472900391e-01
3.028606437146663666e-02
1.972626298666000366e-01
9.919020533561706543e-01
2.259639278054237366e-02
1.823454648256301880e-01
9.504446983337402344e-01
3.675405681133270264e-01
3.065409660339355469e-01
6.193280816078186035e-01
6.426758319139480591e-02
3.066892027854919434e-01
4.186317324638366699e-01
1.437142724171280861e-03
9.354491829872131348e-01
3.748498111963272095e-02
1.684971302747726440e-01
9.692148566246032715e-01
1.302602514624595642e-02
7.856729626655578613e-01
2.804068326950073242e-01
8.815593719482421875e-01
5.669255256652832031e-01
8.689260482788085938e-01
9.821518659591674805e-01
2.106460481882095337e-01
6.262744665145874023e-01
9.079055786132812500e-01
3.649911656975746155e-02
9.988955259323120117e-01
8.034006357192993164e-01
5.857740044593811035e-01
3.633609116077423096e-01
6.270652413368225098e-01
9.786202907562255859e-01
9.903574585914611816e-01
9.991963505744934082e-01
9.855200648307800293e-01
7.814287543296813965e-01
8.103573918342590332e-01
3.855651617050170898e-01
9.749454259872436523e-01
8.315681815147399902e-01
9.965772032737731934e-01
8.183578848838806152e-01
3.594953715801239014e-01
2.157019376754760742e-01
7.357903718948364258e-01
9.965801835060119629e-01
9.946306943893432617e-01
9.852545261383056641e-01
3.622978329658508301e-01
9.962588548660278320e-01
9.875498414039611816e-01
9.603766798973083496e-01
9.582433700561523438e-01
9.908198714256286621e-01
6.000328063964843750e-01
9.534968733787536621e-01
1.769047603011131287e-02
9.839636683464050293e-01
9.887536764144897461e-01
3.033317029476165771e-01
9.784306883811950684e-01
4.645925164222717285e-01
9.859266281127929688e-01
9.736349582672119141e-01
8.400006890296936035e-01
6.426762342453002930e-01
7.492254972457885742e-01
8.477975130081176758e-01
4.905447661876678467e-01
9.436386823654174805e-01
9.948846697807312012e-01
7.098736763000488281e-01
9.406608343124389648e-01
3.116422295570373535e-01
5.822606086730957031e-01
8.978767395019531250e-01
9.956380724906921387e-01
9.851331710815429688e-01
8.561193346977233887e-01
8.892410993576049805e-01
9.987694621086120605e-01
8.647785782814025879e-01
9.844033718109130859e-01
3.555939495563507080e-01
7.631972432136535645e-01
2.232776880264282227e-01
8.345893621444702148e-01
7.201374769210815430e-01
6.715350747108459473e-01
3.981390502303838730e-03
1.906765997409820557e-01
1.270818263292312622e-01
3.811879456043243408e-01
9.317674040794372559e-01
1.002216562628746033e-01
9.208626151084899902e-01
3.364695012569427490e-01
9.953256845474243164e-01
7.465480268001556396e-02
1.459370553493499756e-01
4.892630875110626221e-02
9.989368319511413574e-01
1.384443044662475586e-01
8.873217105865478516e-01
5.390735864639282227e-01
9.647265672683715820e-01
9.856997132301330566e-01
7.513403296470642090e-01
9.876716136932373047e-01
9.065600037574768066e-01
9.827505350112915039e-01
9.431074559688568115e-02
9.939548373222351074e-01
5.742915347218513489e-02
6.153825521469116211e-01
3.830742835998535156e-02
9.177995845675468445e-03
9.843381047248840332e-01
8.351914882659912109e-01
8.644476532936096191e-02
7.667289376258850098e-01
6.360630691051483154e-02
2.197260111570358276e-01
5.774853751063346863e-03
1.546052247285842896e-01
8.884598016738891602e-01
1.995570510625839233e-01
3.081153146922588348e-03
9.990585036575794220e-03
5.954827070236206055e-01
1.465329676866531372e-01
2.195705324411392212e-01
3.905919492244720459e-01
1.202601641416549683e-01
1.103763803839683533e-01
1.085194945335388184e-01
1.260305289179086685e-02
2.411291003227233887e-01
2.333048731088638306e-02
6.323531270027160645e-01
1.329798549413681030e-01
4.682644829154014587e-02
2.395755052566528320e-01
5.525774359703063965e-01
1.156822666525840759e-01
5.541251301765441895e-01
4.191694036126136780e-02
3.945894539356231689e-01
1.576698273420333862e-01
7.502715587615966797e-01
7.056347131729125977e-01
1.699683517217636108e-01
1.751964911818504333e-02
5.095227435231208801e-02
3.616150915622711182e-01
6.151424348354339600e-02
3.026987016201019287e-01
6.273761391639709473e-01
9.459859877824783325e-02
8.210504651069641113e-01
1.751056015491485596e-01
8.783616870641708374e-02
4.306882321834564209e-01
2.806872688233852386e-02
9.889993071556091309e-01
9.278627038002014160e-01
8.818471431732177734e-01
8.382065892219543457e-01
3.821937739849090576e-01
9.995423555374145508e-01
9.474987387657165527e-01
9.994851350784301758e-01
7.648550271987915039e-01
7.478762269020080566e-01
9.872173666954040527e-01
9.869699478149414062e-01
9.891999959945678711e-01
9.990864992141723633e-01
9.255445003509521484e-01
9.574603438377380371e-01
9.230518937110900879e-01
9.913119673728942871e-01
9.896755814552307129e-01
2.007832750678062439e-02
2.108148038387298584e-01
6.714091897010803223e-01
7.698366045951843262e-01
3.009771406650543213e-01
1.053313538432121277e-02
1.414398401975631714e-01
2.339716069400310516e-02
3.055813014507293701e-01
1.641965806484222412e-01
1.813295856118202209e-02
9.827145189046859741e-02
5.951156839728355408e-02
3.282136097550392151e-02
1.967457868158817291e-02
1.027112454175949097e-01
3.009272925555706024e-02
8.004589676856994629e-01
8.389416933059692383e-01
2.932935059070587158e-01
1.598651707172393799e-02
9.579944610595703125e-02
7.785944938659667969e-01
1.470721885561943054e-02
4.458386600017547607e-01
6.329096388071775436e-03
2.517068982124328613e-01
1.212232261896133423e-01
4.132270067930221558e-02
4.982160627841949463e-01
7.614556699991226196e-02
9.804464876651763916e-03
2.530316412448883057e-01
6.038503646850585938e-01
7.905217409133911133e-01
6.512367725372314453e-01
1.137105748057365417e-01
6.713258028030395508e-01
1.731565147638320923e-01
5.799033641815185547e-01
8.893749117851257324e-01
7.057080864906311035e-01
2.707502990961074829e-02
1.406557708978652954e-01
9.376175403594970703e-01
7.956343889236450195e-01
7.262148708105087280e-02
5.666578412055969238e-01
3.770650923252105713e-01
7.888109236955642700e-02
9.888852834701538086e-01
7.718687057495117188e-01
1.629635095596313477e-01
9.414414763450622559e-01
5.535164475440979004e-01
7.371557950973510742e-01
6.421598792076110840e-01
7.203496098518371582e-01
9.926899075508117676e-01
6.558232903480529785e-01
4.006938040256500244e-01
2.381465211510658264e-02
5.720061808824539185e-02
3.720697462558746338e-01
5.019928812980651855e-01
1.550399698317050934e-02
1.875434443354606628e-02
8.823364377021789551e-01
5.157576203346252441e-01
6.903091669082641602e-01
4.651111364364624023e-01
1.259356830269098282e-02
3.382163941860198975e-01
9.770943522453308105e-01
3.237225115299224854e-02
1.855948418378829956e-01
9.864478111267089844e-01
3.404401838779449463e-01
7.453936338424682617e-01
5.000068545341491699e-01
3.733288943767547607e-01
2.790088951587677002e-01
8.441176414489746094e-01
6.354978084564208984e-01
9.082576036453247070e-01
9.946340322494506836e-01
9.998026490211486816e-01
9.860613346099853516e-01
9.999428987503051758e-01
9.974727034568786621e-01
9.915129542350769043e-01
9.998967647552490234e-01
9.759911894798278809e-01
9.898866415023803711e-01
9.999616146087646484e-01
9.913645982742309570e-01
9.461845159530639648e-01
9.879721999168395996e-01
9.975844621658325195e-01
9.927572607994079590e-01
9.987259507179260254e-01
9.999653100967407227e-01
9.997043013572692871e-01
9.949659705162048340e-01
9.994773268699645996e-01
9.161271452903747559e-01
9.841296672821044922e-01
9.989211559295654297e-01
8.327766060829162598e-01
8.894473314285278320e-01
8.262699246406555176e-01
7.651303410530090332e-01
8.330551385879516602e-01
9.924269914627075195e-01
3.493527173995971680e-01
8.228183984756469727e-01
9.967600703239440918e-01
7.914043068885803223e-01
6.663980484008789062e-01
9.489798545837402344e-01
9.698709845542907715e-01
7.406921386718750000e-01
7.621225118637084961e-01
7.467437982559204102e-01
8.556892275810241699e-01
9.946054816246032715e-01
9.921183586120605469e-01
5.974940061569213867e-01
5.113366246223449707e-01
8.255476951599121094e-01
9.903863668441772461e-01
9.851323962211608887e-01
6.489065885543823242e-01
9.720326662063598633e-01
9.171566367149353027e-01
4.265864491462707520e-01
4.755537211894989014e-01
6.659202575683593750e-01
8.545821905136108398e-01
7.415190935134887695e-01
9.956925511360168457e-01
6.853616833686828613e-01
6.305720806121826172e-01
1.993495672941207886e-01
1.488711535930633545e-01
8.268826007843017578e-01
7.123696208000183105e-01
2.807173132896423340e-02
2.126948386430740356e-01
3.229966163635253906e-01
9.974889755249023438e-01
8.674854636192321777e-01
3.461856544017791748e-01
5.411627888679504395e-01
5.731874704360961914e-01
7.373679876327514648e-01
8.821246027946472168e-01
3.914363980293273926e-01
8.700253963470458984e-01
2.640557587146759033e-01
5.141188576817512512e-02
3.489153385162353516e-01
3.094991855323314667e-02
1.548139750957489014e-02
3.606166541576385498e-01
3.476149216294288635e-02
4.298538863658905029e-01
1.911789178848266602e-01
2.194065898656845093e-01
7.090694904327392578e-01
6.085579097270965576e-02
7.958680391311645508e-01
2.838144777342677116e-03
9.790522456169128418e-01
3.941591829061508179e-02
5.769953727722167969e-01
4.315609633922576904e-01
1.840386986732482910e-01
4.258438199758529663e-02
6.732454895973205566e-02
1.838572621345520020e-01
8.288733959197998047e-01
9.328438639640808105e-01
9.923456311225891113e-01
9.999495744705200195e-01
9.994410872459411621e-01
9.962702989578247070e-01
9.991150498390197754e-01
9.047442674636840820e-01
9.454758763313293457e-01
9.999595880508422852e-01
9.976174235343933105e-01
9.996763467788696289e-01
9.878842234611511230e-01
9.997319579124450684e-01
9.942110776901245117e-01
9.890047907829284668e-01
9.429562687873840332e-01
9.572201967239379883e-01
9.998322725296020508e-01
9.998180270195007324e-01
9.995138645172119141e-01
9.336320161819458008e-01
9.876626729965209961e-01
9.992513060569763184e-01
9.999036788940429688e-01
9.821333289146423340e-01
9.919832348823547363e-01
9.906983971595764160e-01
9.884786009788513184e-01
9.943169951438903809e-01
9.678936004638671875e-01
9.999910593032836914e-01
9.475513100624084473e-01
9.998613595962524414e-01
9.800705313682556152e-01
9.226837754249572754e-01
9.915477633476257324e-01
9.939304590225219727e-01
9.975858926773071289e-01
9.999595880508422852e-01
9.999424219131469727e-01
9.988116025924682617e-01
9.997505545616149902e-01
9.998614788055419922e-01
9.825865030288696289e-01
9.996579885482788086e-01
9.997515082359313965e-01
9.988080263137817383e-01
9.984353184700012207e-01
9.941024184226989746e-01
9.989940524101257324e-01
9.907485842704772949e-01
6.197412610054016113e-01
7.347556352615356445e-01
8.816932141780853271e-02
9.206348061561584473e-01
1.329509615898132324e-01
3.616368770599365234e-02
1.984955966472625732e-01
6.184648871421813965e-01
4.510321021080017090e-01
9.993172883987426758e-01
6.532108783721923828e-02
6.970340013504028320e-01
6.006910651922225952e-02
1.831156015396118164e-02
5.621085762977600098e-01
6.348003149032592773e-01
4.662676453590393066e-01
1.786184310913085938e-01
1.578861922025680542e-01
2.021996378898620605e-01
8.147982358932495117e-01
1.241998374462127686e-01
3.236551880836486816e-01
5.597721338272094727e-01
5.794664844870567322e-02
8.659301400184631348e-01
5.679870247840881348e-01
8.069764971733093262e-01
8.048883676528930664e-01
6.859532594680786133e-01
4.715818166732788086e-02
1.080681476742029190e-02
8.295927643775939941e-01
7.352274060249328613e-01
9.996691942214965820e-01
4.870501160621643066e-01
8.795685768127441406e-01
9.980130195617675781e-01
3.501425087451934814e-01
4.490869641304016113e-01
9.861424565315246582e-01
8.046323060989379883e-01
8.839262127876281738e-01
6.885803341865539551e-01
8.245413303375244141e-01
9.864170551300048828e-01
9.998569488525390625e-01
9.396471381187438965e-01
9.965769648551940918e-01
9.975636005401611328e-01
9.999305009841918945e-01
6.201228499412536621e-01
2.126311212778091431e-01
7.348717451095581055e-01
4.354453980922698975e-01
5.065228939056396484e-01
3.425657376646995544e-02
7.444342374801635742e-01
2.126741409301757812e-01
5.061912536621093750e-01
9.058392643928527832e-01
6.141890883445739746e-01
8.867326378822326660e-01
8.378135561943054199e-01
1.827417016029357910e-01
4.885246753692626953e-01
6.194311380386352539e-01
8.357145190238952637e-01
4.935438334941864014e-01
2.515747845172882080e-01
4.117802381515502930e-01
1.338638961315155029e-01
3.558692336082458496e-01
4.149243533611297607e-01
4.026148002594709396e-03
1.293132007122039795e-01
4.595305770635604858e-02
4.393395185470581055e-01
8.857830166816711426e-01
2.708269953727722168e-01
2.577596902847290039e-01
7.865387015044689178e-03
7.325947284698486328e-03
2.191079035401344299e-02
3.075176291167736053e-02
1.264329552650451660e-01
1.914957016706466675e-01
1.544244308024644852e-02
1.028092354536056519e-01
2.897710353136062622e-02
1.602303236722946167e-02
1.296022627502679825e-02
1.825559139251708984e-01
1.407631486654281616e-01
2.591760158538818359e-01
6.204296350479125977e-01
9.382072836160659790e-03
1.002305820584297180e-01
1.544664949178695679e-01
2.755758464336395264e-01
3.751026093959808350e-02
1.917847665026783943e-03
1.706743389368057251e-01
8.431342989206314087e-02
4.648148640990257263e-02
3.022025572136044502e-03
1.828270852565765381e-01
3.292747959494590759e-02
1.027957797050476074e-01
3.902338445186614990e-01
9.914523363113403320e-01
1.150816902518272400e-01
8.514654636383056641e-01
1.707431860268115997e-02
5.847149062901735306e-03
5.530726164579391479e-02
6.360993981361389160e-01
3.716346025466918945e-01
6.722912192344665527e-02
1.387554500252008438e-02
1.437591016292572021e-01
3.955209851264953613e-01
1.817540526390075684e-01
6.311722099781036377e-02
2.531753107905387878e-02
8.310112357139587402e-02
4.352030903100967407e-02
1.312302052974700928e-01
6.630702409893274307e-03
8.815383538603782654e-03
5.055614188313484192e-02
1.165114939212799072e-01
6.940885186195373535e-01
2.598141878843307495e-02
6.470214724540710449e-01
1.078331917524337769e-01
9.211679697036743164e-01
7.215291857719421387e-01
9.472227096557617188e-01
8.494945764541625977e-01
7.826313376426696777e-01
7.874013185501098633e-01
8.168672919273376465e-01
1.850912347435951233e-02
1.851871609687805176e-01
3.575419485569000244e-01
6.272533535957336426e-01
6.326057910919189453e-01
8.794073015451431274e-02
1.559585332870483398e-01
4.956796765327453613e-01
1.965551674365997314e-01
8.685950636863708496e-01
6.031180024147033691e-01
9.927899837493896484e-01
4.079804122447967529e-01
7.968627214431762695e-01
7.651826143264770508e-01
8.261368274688720703e-01
9.237503409385681152e-01
6.263304352760314941e-01
4.300541058182716370e-02
5.589930415153503418e-01
1.337906271219253540e-01
9.359160661697387695e-01
6.978746652603149414e-01
4.539987444877624512e-01
9.440808892250061035e-01
1.372835636138916016e-01
7.371721267700195312e-01
4.382900595664978027e-01
7.698832750320434570e-01
6.745347380638122559e-01
5.653493404388427734e-01
2.967843115329742432e-01
5.550261214375495911e-02
2.394896298646926880e-01
7.509509325027465820e-01
6.572319269180297852e-01
5.086214542388916016e-01
8.354327082633972168e-01
4.193124175071716309e-01
9.986379742622375488e-01
7.459673881530761719e-01
9.883201122283935547e-01
7.046428918838500977e-01
9.172677397727966309e-01
6.940727680921554565e-02
9.893830418586730957e-01
7.497214674949645996e-01
5.666349530220031738e-01
3.601439297199249268e-01
7.545256614685058594e-01
5.706095099449157715e-01
7.920990586280822754e-01
9.612698554992675781e-01
4.963512420654296875e-01
2.285538613796234131e-01
9.942278861999511719e-01
1.879877150058746338e-01
2.679302692413330078e-01
4.852738380432128906e-01
9.939404726028442383e-01
9.913006424903869629e-01
9.225045442581176758e-01
6.606651544570922852e-01
8.908556699752807617e-01
9.102755784988403320e-01
7.295949757099151611e-02
6.248648166656494141e-01
9.852821826934814453e-01
5.486324429512023926e-01
2.777704037725925446e-02
9.511728286743164062e-01
9.838913083076477051e-01
9.997377991676330566e-01
6.283621788024902344e-01
2.070445418357849121e-01
1.705285161733627319e-01
6.468726396560668945e-01
8.455298542976379395e-01
9.235156178474426270e-01
5.544955134391784668e-01
8.929092884063720703e-01
4.183851778507232666e-01
9.007127285003662109e-01
9.965431094169616699e-01
9.304456710815429688e-01
3.327978253364562988e-01
6.702744960784912109e-02
5.004473328590393066e-01
9.796694517135620117e-01
3.037547469139099121e-01
5.324912667274475098e-01
3.104905970394611359e-02
2.857675254344940186e-01
3.912383317947387695e-02
7.341308593750000000e-01
9.926075935363769531e-01
9.897413253784179688e-01
9.980303645133972168e-01
9.168378710746765137e-01
3.852366805076599121e-01
7.205131053924560547e-01
4.127355515956878662e-01
9.973489046096801758e-01
9.710342884063720703e-01
4.638621509075164795e-01
6.835451126098632812e-01
8.582100868225097656e-01
8.308499306440353394e-02
9.797680974006652832e-01
9.734498858451843262e-01
8.842282295227050781e-01
9.305651187896728516e-01
9.982927441596984863e-01
9.309354424476623535e-01
7.726342678070068359e-01
9.564525485038757324e-01
8.618097305297851562e-01
9.977263808250427246e-01
4.349045455455780029e-01
9.580135345458984375e-01
2.893626093864440918e-01
9.984140396118164062e-01
9.985179305076599121e-01
9.721319079399108887e-01
6.516455411911010742e-01
9.484146237373352051e-01
8.585501909255981445e-01
9.837228655815124512e-01
9.853781461715698242e-01
7.510300874710083008e-01
9.778113961219787598e-01
9.978870749473571777e-01
9.294622540473937988e-01
6.225954294204711914e-01
9.895007014274597168e-01
9.929935336112976074e-01
9.908776879310607910e-01
9.881985783576965332e-01
8.400262594223022461e-01
9.191493391990661621e-01
7.634104490280151367e-01
1.897263824939727783e-01
6.756432652473449707e-01
7.963092327117919922e-01
8.092847466468811035e-01
4.411609470844268799e-01
9.820551276206970215e-01
9.279795885086059570e-01
