8.581026197795641464e-01
8.711885436855608678e-01
6.448541653495709625e-01
8.633858765044744032e-01
8.191759213167068010e-01
3.993226059177082954e-01
6.833543235412870009e-01
3.916568891714566902e-01
5.102655043914363642e-01
3.122072488216312003e-01
8.244891665416570481e-01
3.873962267564399764e-01
7.388110123420648101e-01
7.594484192333996742e-01
8.829898792041347422e-01
7.960658506884241703e-01
5.819173959870576063e-01
6.972834010383184289e-01
3.884547792961533519e-01
6.884283813524565421e-01
6.081814609209963418e-01
2.353221166858232294e-01
4.777827169143515351e-01
6.827227989663892105e-01
3.830358780378894656e-01
8.509562516967422718e-01
9.292693012881293457e-01
5.544192493798967281e-01
5.367390613877036643e-01
6.622218328031489465e-01
3.925635430829598760e-01
5.329340845042271901e-01
3.596860261970872275e-01
4.995547114012373613e-01
7.340036087738748272e-01
4.954206034610766918e-01
7.946738643639594812e-01
6.064316616087427336e-01
8.142294419504092495e-01
7.632676591213350958e-01
5.186216573223623172e-01
6.955115920085950254e-01
6.770230230794582749e-01
2.713526284830403146e-01
8.835572944812161156e-01
9.555359072401140574e-01
7.696451188754279693e-01
9.500915759799907212e-01
7.709200106275522213e-01
8.363305947672086127e-01
6.643374895983956696e-01
3.587963681400559435e-01
8.501805328996931976e-01
6.102442520537557646e-01
6.932870216832598409e-01
7.541201390372253011e-01
3.151260234068957722e-01
6.212380577393301628e-01
4.590689413551486409e-01
5.720479018110586900e-01
7.436533430609797435e-01
8.412093268891713826e-01
7.763864433873333137e-01
7.953285879459141006e-01
4.382084315377449690e-01
8.172140947724537696e-01
2.484571876973361571e-01
4.101456145364388295e-01
7.730135880782379454e-01
6.127518421439773766e-01
5.802514399538648560e-01
6.562977573072314996e-01
8.001903061948009155e-01
6.791783521027059400e-01
6.253034576445155590e-01
3.675966484687178681e-01
7.724013193352518014e-01
6.715874792449237907e-01
3.438606369035515087e-01
8.929350107818615490e-01
7.888474751009382224e-01
2.866870419745146670e-01
8.486360249522069132e-01
6.380978137491238877e-01
6.303051391983340856e-01
4.757388897917202430e-01
5.339224553805321793e-01
7.052003971345682798e-01
7.750387200000650179e-01
8.378234783731323132e-01
6.115387431701586607e-01
7.686040974527220682e-01
4.721983853798409347e-01
6.154097894274606073e-01
8.375971631804181028e-01
8.262665229852336202e-01
7.222929700882572135e-01
5.147753732660692583e-01
7.954363678072883248e-01
8.980181437395661215e-01
6.966912931501393347e-01
7.108294666303163201e-01
8.068282668895884191e-01
7.868053671677481820e-01
7.188900117678379553e-01
7.653470056083149231e-01
6.180123419892088465e-01
6.901166882744570463e-01
5.671912812527767356e-01
8.157980586668666101e-01
7.597526284615464531e-01
8.296725231596099315e-01
8.588999584939204235e-01
8.770133983812896661e-01
7.962429853745923714e-01
6.988087900773399808e-01
6.772703186549986487e-01
5.630053412652064049e-01
7.188091436545851476e-01
8.022979727693592134e-01
7.898014949323276523e-01
7.595722004159475294e-01
6.559663263734106797e-01
8.408705626001041766e-01
5.848046854820377893e-01
7.477950994455246914e-01
8.151036811323462139e-01
8.667864148470935115e-01
5.908537115614033164e-01
6.170181544717483479e-01
8.695853684379172277e-01
4.281839639358435701e-01
7.219710015136944214e-01
7.351700555934275183e-01
8.504969900090503243e-01
8.105045773348851235e-01
9.355527563292062032e-01
7.269596528086409437e-01
9.443566386326656126e-01
9.285998563818974594e-01
8.888815942369905354e-01
6.955823047164605422e-01
8.070389471890555555e-01
9.396369483993756155e-01
9.284624455488650341e-01
9.670707508200412361e-01
8.888368300133236977e-01
8.671315675738355822e-01
9.011604323408566319e-01
9.364554890892176076e-01
8.733945906634209555e-01
8.426377101775619494e-01
8.408174443611342586e-01
9.530873569813544943e-01
8.481780013615817237e-01
8.969364119212992481e-01
9.510318118778459118e-01
8.451846424178532935e-01
9.118360385548559544e-01
9.272867971168115009e-01
9.337774665320381917e-01
7.598697788259110020e-01
4.643824327934960028e-01
7.392670855553634679e-01
7.082052233604556601e-01
8.650279989672127190e-01
8.590084876280769111e-01
7.333433143158955003e-01
4.683634829625035745e-01
8.308102262450672848e-01
6.852665145658416446e-01
8.241832704232170403e-01
8.625115436615957698e-01
9.371031677671846083e-01
8.197850590491316813e-01
6.112607336336948194e-01
8.620436584428804450e-01
7.396474067387309725e-01
8.493073313118019163e-01
8.181005079132754876e-01
6.308803266231932660e-01
7.108576006602429498e-01
8.704047986427887462e-01
8.481115519787415513e-01
7.884177994629740782e-01
7.823109358882190945e-01
7.122799502876974165e-01
7.442896458246045510e-01
6.149722177922130051e-01
8.466424240101486642e-01
9.273664001232455600e-01
8.925272778564766751e-01
8.232608466803871261e-01
9.424987554291912595e-01
7.695433622584227917e-01
8.962491072101964606e-01
7.923765318529325530e-01
8.682793132503086042e-01
9.287039713121140183e-01
8.449423220037746152e-01
9.357920341480615578e-01
9.445478657416278567e-01
7.757934193047681948e-01
8.760264307017788799e-01
8.853089504382730679e-01
9.079913585523573527e-01
7.688732979023300551e-01
7.345452696387081426e-01
4.035048335091560578e-01
3.222718030321692351e-01
7.071813591166699053e-01
8.091156286581787649e-01
8.487289383695498790e-01
2.407460019704914800e-01
5.244752980267753939e-01
5.138584054552575164e-01
2.356514704630870705e-01
6.733439153751239470e-01
9.364298486385442821e-01
6.519590652286557653e-01
5.502344722370409169e-01
7.019581013045957940e-01
8.656577326289496277e-01
5.945761116973358185e-01
5.116673310825904375e-01
4.302714641794885275e-01
8.191038956998565324e-01
5.619827905159617831e-01
3.134416169854773448e-01
5.564251879759921637e-01
5.459689158907229389e-01
6.894608440865970245e-01
7.182196791662082136e-01
7.259076366701275873e-01
6.211559723612609663e-01
7.947648171112690063e-01
5.170158128152874122e-01
8.129709217584875081e-01
5.250493065698625950e-01
4.809529210730484339e-01
4.649917673764507597e-01
7.148013235886441219e-01
4.196388323905178575e-01
5.019922769329882017e-01
5.036681024753588698e-01
8.630802280030166473e-01
7.614121693967634830e-01
5.128846429218262282e-01
4.320509703304172833e-01
5.315946397634430109e-01
2.514799344758530397e-01
4.784400122410205625e-01
4.822363738931769728e-01
2.757577807918253909e-01
7.706685014809653289e-01
7.840462830417859186e-01
5.274746243468160234e-01
2.510840437819003568e-01
2.458225744229873833e-01
5.891665169649448197e-01
4.896785601598305782e-01
9.487234135162089799e-02
9.623944161690654864e-02
3.601758594138916303e-01
5.138908954203295076e-01
1.361779528316918175e-01
4.422549828278590778e-01
1.258068203961900666e-01
3.767094897926389074e-01
3.350433359351432383e-01
3.274794484933967187e-01
1.655543944763135655e-01
2.849968483702225441e-01
3.670983807241028352e-01
4.873621413828476689e-01
2.186784206359820848e-01
3.212633715448238725e-01
2.088702437173110271e-01
1.692980735133716996e-01
3.665545997811783807e-01
2.101587019946752899e-01
4.320167454440179688e-01
1.825503079903575132e-01
4.336507226440858842e-01
2.965060853146297415e-01
3.226920272968125114e-01
4.470035453590479047e-01
3.014151828096276464e-01
5.800989998727514863e-01
3.372933310374304217e-01
2.947293959645608807e-01
3.288211386423603999e-01
3.136144758508510044e-01
2.868130708002117890e-01
3.523782591701892786e-01
2.226345186751677585e-01
4.144382406707028954e-01
3.003274191296805840e-01
6.662899620576961945e-01
1.333410242099840881e-01
2.192061929112988361e-01
3.597921912434124403e-01
3.587557106622046854e-01
2.119152111629547253e-01
4.529434629553946712e-01
3.436817087590883224e-01
6.553426285315916422e-01
5.832127039745261810e-01
9.321001214863925410e-01
9.550527805290424110e-01
4.247863569646584403e-01
4.188898222598688714e-01
7.732046697364649557e-01
8.391120075322130445e-01
5.435076798143704258e-01
5.750476883670502248e-01
4.613235253431666183e-01
2.963876751769762841e-01
3.842863712342048932e-01
4.250532401124370030e-01
4.287526794687144815e-01
9.396436619742678520e-01
7.741198552449765069e-01
4.255480155597736180e-01
2.407743019392140638e-01
6.738039486491114172e-01
8.274234785412406534e-01
7.780103795501859265e-01
8.133387243363731089e-01
7.936561076535266768e-01
4.831463096752610098e-01
8.347842439078970722e-01
7.644175811702097478e-01
3.209460958365867311e-01
8.077990570328609232e-01
4.189750492183429986e-01
9.430068378038748422e-01
4.358408128856100516e-01
7.276524008292308832e-01
6.844746869184678006e-01
6.601677396615067694e-01
9.501158632406881965e-01
7.839566524564327565e-01
4.448732742068408075e-01
6.742274153942735548e-01
6.528407391152321049e-01
9.218995479281615335e-01
6.218781563225468378e-01
8.132974683697969942e-01
5.093894377008602037e-01
4.414451185088539287e-01
2.995789953116268500e-01
8.075968421804002872e-01
6.702172227464342491e-01
4.290608729936452037e-01
5.381436157763078709e-01
8.338917126363040166e-01
7.911649009747234729e-01
8.012390270827451921e-01
9.292260333011311824e-01
7.521001563988235494e-01
6.657556399971579220e-01
9.220692752986955343e-01
7.676640500330306205e-01
7.816205647418967839e-01
8.739226695040313020e-01
9.035729171490887168e-01
6.924666738523898024e-01
7.278573901468504692e-01
8.560127209817217642e-01
7.612633546744466961e-02
7.464745181758174197e-02
3.421152281419884700e-01
1.298478854532103544e-01
2.019809888756132765e-01
8.600441871935686489e-02
6.368509183652100447e-02
2.826716389894880499e-01
1.906337257259858309e-01
1.577524804897208199e-01
3.304072561103286176e-01
8.171930274398793437e-02
2.682805443488834318e-01
7.545743595359868938e-02
1.187959610408815397e-01
1.665927165117446762e-01
1.018851613804716699e-01
8.086385310100951962e-01
9.456541317390980694e-01
7.265179277478790443e-01
8.461909489302414933e-01
7.166095948089876710e-01
8.916898961833062964e-01
7.241977578685944161e-01
7.950605881213378412e-01
7.907538599594134965e-01
2.263362221610902836e-01
2.285056075093878647e-01
4.293830876329114976e-01
6.327965383564472246e-01
6.510990236351144045e-01
3.277040598948696148e-01
4.213394312348474613e-01
2.414668293044686109e-01
1.990887973875402062e-01
2.563211139444568909e-01
5.607670989829293129e-01
3.086252240158767757e-01
6.362425917597983593e-01
5.426177966249330353e-01
4.875399069379059425e-01
5.734233102336997456e-01
3.189417095530484025e-01
3.530207762332037147e-01
7.708546017628238323e-01
8.366657015808426356e-01
3.460922649396883100e-01
2.007679620292667777e-01
8.754320103718468138e-01
8.120394539679252066e-01
3.612922531204849075e-01
5.783830574231232369e-01
3.570975663026398905e-01
3.340703003340476096e-01
5.538624410778053564e-01
3.516549516980370660e-01
8.845343464789195975e-01
7.816366458895607217e-01
3.675526184972434662e-01
1.139867377926130215e-01
7.070777851999949792e-01
4.052475705532505024e-01
6.488065937323272969e-01
4.398463522575848939e-01
1.772771266371267196e-01
8.586949992504951945e-01
4.689429365496318169e-01
2.529762789849562821e-01
2.138470169018894251e-01
4.246509033118793242e-01
3.784788414023293468e-01
4.586293634593567314e-01
6.587915878329231312e-01
4.514930131777441513e-01
7.265897618428309723e-01
4.734216678352469732e-01
3.978005388606987158e-01
5.930224425133185928e-01
7.726409952171816586e-01
4.955898095903729650e-01
3.531685078230614172e-01
2.549463477916747989e-01
6.873185909491481560e-01
3.451334035118713284e-01
5.955587284612454679e-01
2.998793664803948711e-01
5.602293724001385922e-01
7.764575713800004886e-01
4.603665523411282767e-01
7.377937770593928635e-01
2.896192798897192500e-01
5.852822120549223683e-01
6.966304207271396542e-01
6.543403736499767698e-01
4.835880204956860551e-01
6.278110116992435819e-01
6.871561956385775494e-01
4.911480755328008208e-01
4.050680830229251295e-01
7.174956991179013421e-01
7.870091719987877266e-01
5.344231919832345135e-01
4.614387046325280628e-01
2.380009478020312652e-01
2.587234211301067677e-01
6.712300227349619064e-01
8.222331471244439527e-01
7.258644025446372439e-01
3.064347621951101774e-01
8.472703797477496579e-01
3.270887089143556525e-01
1.579882362123580797e-01
3.512060517015907490e-01
6.423885515601724938e-01
5.842507107922122467e-01
4.745975369377522513e-01
5.352234291074657868e-01
9.049221208449618192e-01
3.242744913395102513e-01
6.540809375724790931e-01
7.470836617594264206e-01
2.707747974975512339e-01
3.069190856766495501e-01
9.046452738601519217e-01
5.201990297782288497e-01
2.778708262280488728e-01
3.884661216460239541e-01
2.865958342204807385e-01
5.557205848511675983e-01
3.938616004891650202e-01
1.473712585911927386e-01
8.366247582154006102e-01
1.397783916819019256e-01
3.934024886601129034e-01
6.880639536839153747e-01
2.319561971269537004e-01
9.171950395606839335e-01
5.801809241806612505e-01
5.203923537203666294e-01
5.299033135462660749e-01
7.075570661628393099e-01
9.053373966608081469e-01
4.034185171964359551e-01
5.845377449071482712e-01
4.551051283248023771e-01
2.587580854487961934e-01
9.341114877026261976e-01
4.275186354356462770e-01
3.695882191870884514e-01
4.310814465286449404e-01
2.422519487853244391e-01
8.462371793695889766e-01
8.990877579017113597e-01
9.495517580159599236e-01
9.268935389154128179e-01
8.651276263431764146e-01
7.609480971340886191e-01
3.292845863646659543e-01
7.996802496787587256e-01
8.342569774913092262e-01
8.701721445749212025e-01
8.532953908394935727e-01
3.441075768308236582e-01
6.070039669074693833e-01
5.688710474074736290e-01
9.283338906457387907e-01
9.096539068339581924e-01
6.900791224732593099e-01
7.895556954272309191e-01
8.689212205603333850e-01
8.582664551088723393e-01
8.101206307167555520e-01
7.751605631340577895e-01
8.227751509512900574e-01
6.040214537404523520e-01
7.200447691834354069e-01
3.963470641607597100e-01
9.099589058992237911e-01
9.239966361308202814e-01
7.447503071723290402e-01
6.001652484248082287e-01
7.001104945088799658e-01
8.964045601470927993e-01
7.691380525671499546e-01
5.315121132865202602e-01
5.791876995066955747e-01
6.543283444462618670e-01
5.401004212268759597e-01
7.313947506097545626e-01
6.935969618927183555e-01
8.177326318737522248e-01
6.442338538118109748e-01
7.102049719106029446e-01
5.737567246846035918e-01
7.098537516960342630e-01
7.882084761963245034e-01
8.921923544047980492e-01
8.209257711923124701e-01
6.858489414775511550e-01
6.791072827757050900e-01
9.026672594124500737e-01
6.793889413293340285e-01
7.209295253287616445e-01
3.859474731866870956e-01
4.641835140155045059e-01
2.953445903008384277e-01
5.685091942118898345e-01
5.559482926953479565e-01
6.550516230623127933e-01
1.359044342533456129e-01
3.075099544566769483e-01
4.354540450063137946e-01
4.528388381824672293e-01
6.740047802152503431e-01
2.693162584462211462e-01
6.502696424984409918e-01
6.608695629102572244e-01
8.196077490938609156e-01
2.606596919719214034e-01
2.053388576320426817e-01
7.069131790592344533e-01
9.243941363629869512e-01
3.795035785160948416e-01
7.474316074477895810e-01
3.228571818860734299e-01
8.818181412315260204e-01
9.293322076342674931e-01
8.723234193030474648e-01
8.404671144504283209e-01
6.651814563529279134e-01
8.580459669219860919e-01
4.896786066221379130e-01
7.910807689288263944e-01
4.195259409303435660e-01
3.410119332028263006e-01
4.871837780701178677e-01
1.933099467154263118e-01
7.156422031611738843e-01
7.009683016245982223e-01
2.338221333035674643e-01
7.282755884377112299e-01
1.743629391972820186e-01
2.793477027498740273e-01
1.989598078271671566e-01
2.551666202037844444e-01
5.287085327172590388e-01
2.131701554108381136e-01
2.441033046719133237e-01
2.275673078702697416e-01
4.973886582951739244e-01
2.659478111332859163e-01
4.047807549465575749e-01
2.899072580266757737e-01
2.376460741790267783e-01
3.393255498212161547e-01
2.070014575950529234e-01
2.816314189461063822e-01
2.157205620016595660e-01
3.913665585017109261e-01
4.241050099247634098e-01
4.255366642130380961e-01
2.910195170853911439e-01
3.905954142487958469e-01
5.004149744409109868e-01
3.055804718276529108e-01
6.904802113419242771e-01
2.059183360856396694e-01
2.549731454248189699e-01
2.879812009265121375e-01
4.514267889647919918e-01
2.575574395519654169e-01
5.302479173812328916e-01
3.946314608407052171e-01
2.989908078810807890e-01
4.874321856792232510e-01
2.514882438442779811e-01
6.359767995345102509e-01
4.555553443690532056e-01
2.958362212270976288e-01
3.147910251829196815e-01
2.672376427002366439e-01
3.190615992283634128e-01
5.166327431006193516e-01
2.118130601588170125e-01
8.492532893759802137e-01
7.047645907361154149e-01
8.333177308231181080e-01
7.908583941199149869e-01
5.222286894867782525e-01
9.508043239906384114e-01
8.987176322990909627e-01
9.618330569078341608e-01
5.283006095085273079e-01
8.725208221639781936e-01
9.055451058083321403e-01
7.625374455857519829e-01
9.091092957192817847e-01
9.256881176697802083e-01
7.755700084224363966e-01
8.430843033344803672e-01
8.404577407871709482e-01
8.569763276201214364e-01
7.640019769327208721e-01
2.317550706372047964e-01
2.433539185222808321e-01
3.804741100395745423e-01
5.095287284118759086e-01
3.143578535091146042e-01
2.471153742418900900e-01
2.857308769302682183e-01
5.138603735525323346e-01
3.795529152849818066e-01
2.699135128039201192e-01
3.279939919324262876e-01
4.405337816277790086e-01
2.661436779566211386e-01
1.995752114292695112e-01
2.648334038831334780e-01
1.458468671713386566e-01
3.644364870928204492e-01
5.209691129808793342e-01
6.758599728903604831e-01
4.123306802860081111e-01
2.214323101753000456e-01
3.670412282398403669e-01
4.342749508365337796e-01
1.580741794867430994e-01
4.533144018716773194e-01
1.122349688378478788e-01
4.301083084123438760e-01
2.522370337826849163e-01
2.694551078928162924e-01
3.324023078303349199e-01
3.630391150569351466e-01
3.539461234093302378e-01
4.647595824074220450e-01
5.247236237649774981e-01
6.564339160799668171e-01
7.074650910180102503e-01
4.202511743120853627e-01
7.218666925006076429e-01
4.206696652770333666e-01
3.029993225235038112e-01
4.839362375054019894e-01
3.253466883025059597e-01
3.029182990773270356e-01
4.351260246228760287e-01
6.034594517333412567e-01
5.149304405295629383e-01
3.596050388756371063e-01
5.236606109288035604e-01
5.090476297914489079e-01
2.708103063389872278e-01
8.975213360497109605e-01
6.524770457030536486e-01
4.977617752140638951e-01
7.102956436843144150e-01
5.000007468071189232e-01
6.326415898205876021e-01
7.904183217178528675e-01
6.350246706461424306e-01
7.086744066623408278e-01
5.094829885310888651e-01
4.725547804727526779e-01
2.064401295219933374e-01
3.375675445113850981e-01
3.032463383700867987e-01
6.245816397200883996e-01
2.079706742764460270e-01
3.232095427829669854e-01
4.787409342795914680e-01
4.496966752747728613e-01
6.598612743782180656e-01
1.716696204111659019e-01
1.197197622931364391e-01
4.655097494175622352e-01
5.534307798537312362e-01
2.458871040772381555e-01
2.334190934889756874e-01
7.310530420427552301e-01
5.459943427788108705e-01
5.641585521437716411e-01
4.792114605176930331e-01
4.491541820992148715e-01
3.838098577330216754e-01
6.691611758167388402e-01
8.969335231853112766e-01
8.380404837431386644e-01
8.712023607399629332e-01
9.338925484020047518e-01
8.526012772730223732e-01
9.613953650139572815e-01
9.106983285303363873e-01
9.295651032453434714e-01
9.427231726140024026e-01
8.154841743735220527e-01
9.584532976759121414e-01
9.768421543768958104e-01
8.239536930289474981e-01
9.207596773771328236e-01
9.378825567075630421e-01
8.196938748857286461e-01
9.479768511478446902e-01
9.324188450012206308e-01
9.701865401382452347e-01
9.451497595376148197e-01
8.645615561125737925e-01
9.157483952543382655e-01
5.563232789275036616e-01
8.006058485644346190e-01
7.230370849114633458e-01
8.453952577196368612e-01
7.221988508946767249e-01
7.131597358103346496e-01
7.895899978300371380e-01
8.254465624806315294e-01
8.979006318618060201e-01
4.932625107606160575e-01
6.751076763815467841e-01
8.427837326195736223e-01
5.786093713968094576e-01
7.632625495928651027e-01
7.631328737209546187e-01
6.044611583953326539e-01
7.064879114145271588e-01
8.023525583099082592e-01
7.408287919785876419e-01
5.661046807027811933e-01
9.148836076748488866e-01
8.950209330047675937e-01
6.355406702698058741e-01
5.292655984835692440e-01
5.459777845161746246e-01
8.140619184559868549e-01
8.725151453929477219e-01
6.829494363650465694e-01
8.319044962732453641e-01
6.533521150490444462e-01
4.190648018614618886e-01
5.368041911227071639e-01
5.364589220519653257e-01
5.935540841077372454e-01
6.043918542202312283e-01
8.015330267843482348e-01
7.122500699717895234e-01
7.223604397853938819e-01
5.321207358513877494e-01
2.844861226489807660e-01
6.073103898581752036e-01
7.184119385236563682e-01
3.652123656814118546e-01
3.208701672987842590e-01
2.910086624117473320e-01
9.402675649571562433e-01
6.476083627685746968e-01
3.881509270750888585e-01
4.127606342398794093e-01
4.412428775651603963e-01
6.945279644566242361e-01
4.687418422260521966e-01
7.309371947099720934e-01
7.738260600745120454e-01
5.178568719536235099e-01
3.595759842357590941e-01
4.751442802010782951e-01
2.946842219999350476e-01
2.382633514552706111e-01
2.665964556317555467e-01
3.021006609029436851e-01
4.372339005051144589e-01
4.505342676936079926e-01
2.912771118280229055e-01
4.400101560077466223e-01
4.771310350681093881e-01
4.252178302093292950e-01
1.733427955022296962e-01
9.201222704690895648e-01
1.781941451249103858e-01
6.821651379284960903e-01
5.008631630111500810e-01
2.250091307832615128e-01
2.128094741333144690e-01
3.422894356455730147e-01
4.985523302692882464e-01
6.920589748062470070e-01
8.656004525351985723e-01
9.491899993848443851e-01
9.461900117723326398e-01
9.505379955387958102e-01
9.479683035423380755e-01
9.225667992381386684e-01
8.052735868513876127e-01
8.919891292568338237e-01
9.648014843796416384e-01
9.451191347307883461e-01
9.646914968105908539e-01
8.915069510546910214e-01
9.606017569805241907e-01
8.112102247001086175e-01
9.058104104999408213e-01
9.503468800083397783e-01
8.973811008483456586e-01
9.635254696549611086e-01
9.603128529429327820e-01
9.628946779249539789e-01
8.570016314291811765e-01
8.557900881879736410e-01
9.368583122137559283e-01
9.515846278177482187e-01
8.802860574347151079e-01
8.807149443665586164e-01
9.517657026904743356e-01
8.699961383142279514e-01
8.828700425851059297e-01
7.946579140876544045e-01
9.778799425868723860e-01
8.518530982765590842e-01
9.733230025269448138e-01
7.892408067603293720e-01
7.365207054832597633e-01
9.187824045584445098e-01
8.858894262636715089e-01
9.355469473205559883e-01
9.619889466372205655e-01
9.748153316068571828e-01
9.279911243620556638e-01
9.519915927731161798e-01
9.432853798973221959e-01
8.958283468657010085e-01
9.414387108713372365e-01
9.431081783192865053e-01
9.342656437580536544e-01
9.272069566608821534e-01
9.400821409618208557e-01
9.382173626775178743e-01
8.370730508654675717e-01
7.087988146395135525e-01
3.514062312533262067e-01
2.819650821658467033e-01
6.168678921713051100e-01
2.809382100464962728e-01
2.215193441256153306e-01
2.817305084508508473e-01
4.710818389917977300e-01
2.840427714460021513e-01
7.715488327895603238e-01
3.013455421412933322e-01
2.828784804026585609e-01
2.745676173194006031e-01
3.042936314364374506e-01
2.294981094739249050e-01
4.941744404972981952e-01
2.471609083899870829e-01
3.561359998917582592e-01
5.107890029609372107e-01
1.723332409733787096e-01
3.041193902074690869e-01
3.727371692823273630e-01
2.259130032555263234e-01
4.150593436418122950e-01
4.894073760482057223e-01
5.083358397638545467e-01
3.642738247924450778e-01
4.119817651841480299e-01
5.036103700258870441e-01
4.596242761969045465e-01
2.638455806629252942e-01
1.626755043212440577e-01
4.699729908586517402e-01
4.952010174597313852e-01
9.389179922855186433e-01
3.536679548085275293e-01
6.218062636277295052e-01
8.470710628531856745e-01
3.676891610205229033e-01
3.803493501980228508e-01
8.766865548477559278e-01
7.744407496170869765e-01
9.007811630556575855e-01
7.967538171445924799e-01
8.043538976884825331e-01
9.314520942944274351e-01
9.427676132833896494e-01
6.699065899414448078e-01
8.840957039710493071e-01
9.329336899331940325e-01
8.864770221667203076e-01
7.090026553687038824e-01
3.972068025525334889e-01
6.420947870292100790e-01
5.045838273961437137e-01
3.315264306361302982e-01
2.944808126478588584e-01
4.676691216509640814e-01
3.926493052295861319e-01
6.201940903285864115e-01
6.912235532945116834e-01
3.446917466153833765e-01
6.348440854969131797e-01
5.423063500397530268e-01
6.552435932669699037e-01
5.009726620941475916e-01
6.171875970639303377e-01
5.824942980625845701e-01
3.470965902900336464e-01
4.232209212993701675e-01
5.380546981946516816e-01
4.878819697794611887e-01
3.980114988808497456e-01
3.971976046056818199e-01
2.229508436379706027e-01
2.485657503718034511e-01
1.514528338408140107e-01
3.113575095110324154e-01
7.337633780213073109e-01
3.753997128550998208e-01
3.239380396964786080e-01
2.153037822139513002e-01
1.176522370722688920e-01
3.932443217139245384e-01
3.140454422174472349e-01
2.987318683105607553e-01
2.815525004593666392e-01
1.534541151413840454e-01
3.343256666614082828e-01
5.203870502804148757e-01
1.871763002712751034e-01
1.296131237157490401e-01
1.526506272750002557e-01
3.021045838764536140e-01
3.725434931876265288e-01
4.403769241552265012e-01
2.253706383935971114e-01
3.138653346830868607e-01
4.069646420142425947e-01
2.856884523114094354e-01
1.212608813689655812e-01
2.093540787283094673e-01
4.076197064252962132e-01
3.326406731187513954e-01
2.099208326457603080e-01
1.550743936057451533e-01
4.570158660109182591e-01
2.915735803081582755e-01
4.127949743513685821e-01
7.024035323463474478e-01
8.029427747685730088e-01
2.776318934619078083e-01
4.850419991059791158e-01
3.436460410484705186e-01
1.359674141261442426e-01
2.258916046498321284e-01
4.407506139809228007e-01
6.365464704879209012e-01
1.817307445175063152e-01
1.351139304127340901e-01
2.343230065528182082e-01
3.799100318617178451e-01
3.075616192494991519e-01
1.490255131027066748e-01
2.064689101509313562e-01
2.724942259344814710e-01
1.508177583681006295e-01
1.386623617481109738e-01
2.434340877901609579e-01
1.393926685385483144e-01
4.491632029374694746e-01
1.567691114837744815e-01
7.884461432443448103e-01
2.931762374724523612e-01
7.508592720307269985e-01
2.659375599718295513e-01
6.570173937869260294e-01
8.331603935395770488e-01
7.243633923038155231e-01
6.989196804501793814e-01
5.937703892420336249e-01
4.485235168830856156e-01
3.721377282020981170e-01
3.357752544833211839e-01
4.751785795306329163e-01
7.731593917352110878e-01
4.990505406543168099e-01
3.910798756310558399e-01
3.357560778761126685e-01
5.220021435392336873e-01
4.375343839644809663e-01
5.841920323836056195e-01
5.493272212390785114e-01
8.107950763212141698e-01
8.102389442915898243e-01
6.477427115697018678e-01
6.835648339254968286e-01
5.656850890381600605e-01
8.364079075218724402e-01
8.621734541865210266e-01
6.432592662485742130e-01
3.134092269647315576e-01
5.630542193869010337e-01
4.063217815302364588e-01
6.712961153058307762e-01
4.755748967999117172e-01
5.558619594186176016e-01
8.046426966113088275e-01
5.263887578602365336e-01
7.181047445464414647e-01
3.746523843330051839e-01
7.188300426909601804e-01
6.767823027255122081e-01
4.982518454512088746e-01
6.472368117559035294e-01
5.313601967917108704e-01
7.444553053962029709e-01
4.547877715983613678e-01
7.514606898555098446e-01
4.291104800945919617e-01
5.916862745874916785e-01
4.198836335275118459e-01
8.877347001124719084e-01
7.333026565803874020e-01
9.174070889502695669e-01
7.710981074802250035e-01
5.036068257456747244e-01
3.199988187907878978e-01
8.695882136463729539e-01
3.763724211340079839e-01
6.841762558356059287e-01
5.438589422012959362e-01
5.951216305585573796e-01
7.773318586005741881e-01
4.187704854627045115e-01
8.427487455849083098e-01
6.924592973555973030e-01
5.995979092180649950e-01
8.416328683619869189e-01
5.210595174386642991e-01
4.653934733411486668e-01
4.611632408602440725e-01
8.392761029792308314e-01
9.119994090077159221e-01
6.309685161335807368e-01
6.063644758504290744e-01
8.028325632947332924e-01
8.023541870292740796e-01
2.446170079664212182e-01
6.367991657031699670e-01
8.825728835703118280e-01
5.474875652665388559e-01
2.864834461490758932e-01
7.962906517907726300e-01
7.774732045724122020e-01
9.661395065004296789e-01
6.269802915144567779e-01
3.182934541867300515e-01
4.018026407817132384e-01
4.634000247783959248e-01
8.138223775383559566e-01
6.031666458092947991e-01
6.782169436147071906e-01
7.000681318327766078e-01
5.822059714500537053e-01
5.950934384203356853e-01
9.340222529282784514e-01
8.151622254418324776e-01
6.755922948959200980e-01
2.923272180129856679e-01
5.826404858558433819e-01
5.946963210596847293e-01
4.763778953157495888e-01
6.123673981914856679e-01
2.210612378824631519e-01
2.617613026478332605e-01
3.784226053726492678e-01
4.965446208475697287e-01
9.520500037972687846e-01
8.732842279265723429e-01
9.388406526027613941e-01
7.338531105049276304e-01
7.378592836414217260e-01
7.909611868131557477e-01
5.342021253693503002e-01
8.766429432743135797e-01
8.097604627640443420e-01
5.703246128980361540e-01
6.080839597766444227e-01
7.279347114296960131e-01
5.569515370506081808e-01
7.258409933082187182e-01
7.737113530192675226e-01
4.844277596457914337e-01
8.469574776314519049e-01
8.924754383178267192e-01
8.651776872118603912e-01
7.690517549709970924e-01
8.886404911276000185e-01
6.558406657867176248e-01
8.759847907484403784e-01
7.803298183781658404e-01
6.196106563791028421e-01
5.024645390971409498e-01
8.934492884244766842e-01
8.851512989624962247e-01
7.652292633424763180e-01
5.836125638832023732e-01
8.785793523091363078e-01
7.627502399120247301e-01
7.777573289999216710e-01
7.474195571863734289e-01
6.337557980564894056e-01
7.995373998461073883e-01
8.484873512505388682e-01
8.648948419124035114e-01
7.250991745317639792e-01
8.697742776377356266e-01
7.058101892043537884e-01
8.801110779110662419e-01
8.736335788973106364e-01
7.565919958300897363e-01
6.207256976132177195e-01
4.744918985357107211e-01
2.542601450479205494e-01
3.389211677919170551e-01
6.000312536979128808e-01
5.600365387157384411e-01
6.470509917819980972e-01
7.598893475607786385e-01
7.176425157576530323e-01
