6.181818181818181657e-01
4.581818181818181901e-01
4.290909090909090784e-01
7.818181818181818565e-01
4.109090909090908905e-01
5.781818181818181301e-01
7.090909090909091050e-01
6.763636363636363891e-01
6.290909090909091450e-01
3.890909090909090984e-01
7.381818181818181612e-01
4.799999999999999822e-01
5.127272727272726982e-01
6.181818181818181657e-01
6.218181818181818254e-01
7.890909090909090651e-01
5.745454545454545814e-01
5.127272727272726982e-01
4.290909090909090784e-01
4.763636363636363780e-01
5.090909090909090384e-01
4.690909090909091139e-01
5.490909090909090740e-01
5.927272727272727693e-01
6.036363636363636376e-01
7.745454545454545370e-01
7.309090909090909527e-01
5.890909090909091095e-01
5.890909090909091095e-01
5.454545454545454142e-01
6.945454545454545769e-01
4.254545454545454741e-01
2.618181818181818388e-01
2.945454545454545547e-01
8.145454545454545725e-01
6.145454545454545059e-01
7.781818181818181968e-01
4.981818181818181701e-01
7.563636363636363491e-01
6.327272727272726938e-01
6.727272727272727293e-01
7.600000000000000089e-01
7.490909090909091406e-01
2.654545454545454430e-01
7.563636363636363491e-01
8.545454545454544970e-01
7.090909090909091050e-01
7.381818181818181612e-01
7.454545454545454808e-01
8.327272727272727604e-01
5.236363636363636775e-01
4.581818181818181901e-01
7.381818181818181612e-01
5.381818181818182056e-01
6.290909090909091450e-01
7.054545454545454453e-01
2.654545454545454430e-01
5.418181818181818654e-01
6.836363636363635976e-01
8.036363636363635932e-01
7.672727272727272174e-01
7.890909090909090651e-01
7.490909090909091406e-01
8.036363636363635932e-01
4.436363636363636620e-01
8.000000000000000444e-01
4.254545454545454741e-01
2.727272727272727071e-01
4.581818181818181901e-01
6.581818181818182012e-01
4.290909090909090784e-01
5.600000000000000533e-01
5.527272727272727337e-01
7.199999999999999734e-01
6.109090909090909571e-01
4.727272727272727182e-01
7.490909090909091406e-01
4.981818181818181701e-01
3.454545454545454586e-01
7.345454545454545014e-01
7.563636363636363491e-01
2.509090909090909149e-01
7.527272727272726893e-01
4.436363636363636620e-01
3.527272727272727226e-01
2.436363636363636231e-01
2.399999999999999911e-01
2.036363636363636431e-01
2.909090909090908950e-01
3.672727272727272507e-01
2.509090909090909149e-01
8.145454545454545725e-01
2.290909090909090950e-01
2.545454545454545192e-01
3.781818181818181746e-01
5.127272727272726982e-01
2.290909090909090950e-01
5.563636363636363935e-01
4.400000000000000022e-01
7.054545454545454453e-01
4.363636363636363424e-01
1.963636363636363513e-01
7.418181818181818210e-01
3.563636363636363824e-01
2.654545454545454430e-01
2.545454545454545192e-01
1.890909090909090873e-01
3.818181818181818343e-01
2.509090909090909149e-01
2.290909090909090950e-01
2.072727272727272751e-01
5.563636363636363935e-01
3.636363636363636465e-01
5.309090909090908861e-01
7.490909090909091406e-01
2.618181818181818388e-01
3.163636363636363469e-01
2.218181818181818310e-01
2.618181818181818388e-01
3.018181818181818188e-01
2.545454545454545192e-01
3.963636363636363624e-01
6.072727272727272974e-01
2.399999999999999911e-01
2.581818181818181790e-01
2.654545454545454430e-01
6.254545454545454852e-01
3.345454545454545348e-01
2.545454545454545192e-01
2.872727272727272907e-01
5.781818181818181301e-01
2.581818181818181790e-01
4.654545454545454541e-01
4.799999999999999822e-01
5.999999999999999778e-01
5.563636363636363935e-01
7.672727272727272174e-01
6.036363636363636376e-01
6.327272727272726938e-01
6.945454545454545769e-01
5.927272727272727693e-01
6.181818181818181657e-01
5.818181818181817899e-01
8.036363636363635932e-01
6.800000000000000488e-01
6.509090909090908816e-01
6.436363636363636731e-01
7.272727272727272929e-01
6.763636363636363891e-01
7.018181818181817855e-01
7.781818181818181968e-01
7.890909090909090651e-01
6.072727272727272974e-01
7.672727272727272174e-01
6.836363636363635976e-01
7.418181818181818210e-01
7.527272727272726893e-01
6.836363636363635976e-01
8.072727272727272529e-01
7.527272727272726893e-01
6.581818181818182012e-01
6.436363636363636731e-01
5.054545454545454897e-01
6.363636363636363535e-01
5.309090909090908861e-01
6.909090909090909172e-01
6.509090909090908816e-01
6.436363636363636731e-01
5.381818181818182056e-01
7.563636363636363491e-01
4.909090909090909061e-01
5.854545454545454497e-01
6.581818181818182012e-01
6.581818181818182012e-01
4.909090909090909061e-01
6.036363636363636376e-01
5.636363636363636020e-01
6.981818181818182367e-01
5.636363636363636020e-01
6.109090909090909571e-01
5.999999999999999778e-01
6.072727272727272974e-01
5.854545454545454497e-01
6.472727272727272219e-01
7.636363636363636687e-01
6.509090909090908816e-01
6.109090909090909571e-01
6.290909090909091450e-01
5.454545454545454142e-01
7.236363636363636331e-01
6.981818181818182367e-01
5.127272727272726982e-01
6.363636363636363535e-01
7.309090909090909527e-01
6.472727272727272219e-01
7.345454545454545014e-01
5.018181818181818299e-01
6.254545454545454852e-01
7.418181818181818210e-01
4.690909090909091139e-01
6.727272727272727293e-01
5.890909090909091095e-01
6.290909090909091450e-01
7.563636363636363491e-01
6.472727272727272219e-01
5.381818181818182056e-01
8.254545454545454408e-01
3.963636363636363624e-01
2.436363636363636231e-01
2.763636363636363669e-01
6.509090909090908816e-01
7.890909090909090651e-01
6.036363636363636376e-01
2.727272727272727071e-01
5.054545454545454897e-01
6.545454545454545414e-01
2.654545454545454430e-01
7.236363636363636331e-01
8.036363636363635932e-01
5.381818181818182056e-01
7.890909090909090651e-01
6.290909090909091450e-01
7.345454545454545014e-01
6.218181818181818254e-01
5.781818181818181301e-01
5.890909090909091095e-01
5.600000000000000533e-01
5.527272727272727337e-01
2.218181818181818310e-01
4.763636363636363780e-01
3.200000000000000067e-01
5.018181818181818299e-01
6.945454545454545769e-01
6.654545454545454097e-01
6.436363636363636731e-01
5.309090909090908861e-01
5.018181818181818299e-01
7.709090909090908772e-01
6.872727272727272574e-01
4.290909090909090784e-01
2.472727272727272829e-01
7.018181818181817855e-01
4.981818181818181701e-01
5.200000000000000178e-01
6.290909090909091450e-01
7.236363636363636331e-01
6.945454545454545769e-01
3.563636363636363824e-01
3.127272727272727426e-01
5.999999999999999778e-01
2.545454545454545192e-01
4.836363636363636420e-01
5.927272727272727693e-01
3.781818181818181746e-01
5.781818181818181301e-01
5.781818181818181301e-01
2.836363636363636309e-01
3.490909090909091184e-01
3.236363636363636109e-01
5.490909090909090740e-01
4.218181818181818143e-01
2.909090909090908950e-01
2.290909090909090950e-01
2.763636363636363669e-01
6.072727272727272974e-01
2.000000000000000111e-01
2.800000000000000266e-01
2.363636363636363591e-01
4.581818181818181901e-01
2.727272727272727071e-01
3.454545454545454586e-01
2.800000000000000266e-01
2.690909090909091028e-01
5.054545454545454897e-01
5.818181818181817899e-01
1.854545454545454553e-01
5.745454545454545814e-01
2.399999999999999911e-01
2.072727272727272751e-01
4.327272727272727382e-01
2.036363636363636431e-01
4.181818181818181546e-01
2.836363636363636309e-01
4.945454545454545658e-01
4.436363636363636620e-01
3.927272727272727026e-01
4.218181818181818143e-01
3.672727272727272507e-01
4.181818181818181546e-01
4.690909090909091139e-01
4.654545454545454541e-01
5.927272727272727693e-01
5.090909090909090384e-01
2.727272727272727071e-01
5.127272727272726982e-01
3.818181818181818343e-01
7.163636363636363136e-01
2.399999999999999911e-01
8.072727272727272529e-01
1.963636363636363513e-01
2.690909090909091028e-01
3.163636363636363469e-01
5.890909090909091095e-01
2.072727272727272751e-01
3.200000000000000067e-01
6.072727272727272974e-01
5.890909090909091095e-01
5.709090909090909216e-01
7.890909090909090651e-01
7.672727272727272174e-01
4.690909090909091139e-01
4.218181818181818143e-01
7.381818181818181612e-01
4.945454545454545658e-01
5.490909090909090740e-01
3.963636363636363624e-01
4.363636363636363424e-01
4.000000000000000222e-01
5.345454545454545459e-01
4.945454545454545658e-01
3.418181818181817988e-01
6.472727272727272219e-01
6.290909090909091450e-01
2.545454545454545192e-01
2.618181818181818388e-01
5.127272727272726982e-01
5.672727272727272618e-01
6.109090909090909571e-01
7.963636363636363846e-01
6.618181818181818610e-01
6.363636363636363535e-01
6.545454545454545414e-01
5.999999999999999778e-01
3.018181818181818188e-01
7.418181818181818210e-01
2.399999999999999911e-01
7.927272727272727249e-01
2.436363636363636231e-01
7.418181818181818210e-01
7.818181818181818565e-01
5.527272727272727337e-01
7.236363636363636331e-01
7.381818181818181612e-01
3.272727272727272707e-01
5.636363636363636020e-01
5.127272727272726982e-01
6.981818181818182367e-01
7.018181818181817855e-01
8.218181818181817810e-01
4.363636363636363424e-01
4.000000000000000222e-01
2.363636363636363591e-01
6.545454545454545414e-01
5.418181818181818654e-01
3.018181818181818188e-01
5.381818181818182056e-01
6.109090909090909571e-01
6.036363636363636376e-01
5.345454545454545459e-01
6.909090909090909172e-01
7.018181818181817855e-01
7.454545454545454808e-01
7.563636363636363491e-01
5.818181818181817899e-01
7.527272727272726893e-01
7.854545454545454053e-01
7.818181818181818565e-01
7.527272727272726893e-01
5.927272727272727693e-01
8.436363636363636287e-01
2.145454545454545392e-01
2.072727272727272751e-01
4.327272727272727382e-01
2.145454545454545392e-01
2.000000000000000111e-01
2.254545454545454630e-01
2.145454545454545392e-01
2.509090909090909149e-01
2.363636363636363591e-01
2.509090909090909149e-01
4.836363636363636420e-01
2.290909090909090950e-01
2.327272727272727271e-01
2.218181818181818310e-01
2.581818181818181790e-01
2.181818181818181712e-01
2.399999999999999911e-01
4.909090909090909061e-01
6.909090909090909172e-01
2.909090909090908950e-01
2.763636363636363669e-01
3.345454545454545348e-01
7.490909090909091406e-01
4.472727272727272663e-01
6.400000000000000133e-01
3.090909090909090828e-01
2.218181818181818310e-01
2.763636363636363669e-01
2.763636363636363669e-01
7.054545454545454453e-01
7.563636363636363491e-01
4.290909090909090784e-01
3.418181818181817988e-01
3.927272727272727026e-01
2.399999999999999911e-01
4.109090909090908905e-01
3.490909090909091184e-01
4.036363636363636265e-01
4.509090909090909260e-01
4.036363636363636265e-01
2.872727272727272907e-01
4.109090909090908905e-01
2.727272727272727071e-01
5.236363636363636775e-01
6.218181818181818254e-01
7.709090909090908772e-01
2.181818181818181712e-01
1.818181818181818232e-01
6.436363636363636731e-01
6.545454545454545414e-01
3.927272727272727026e-01
7.163636363636363136e-01
4.690909090909091139e-01
2.945454545454545547e-01
4.400000000000000022e-01
4.545454545454545303e-01
6.909090909090909172e-01
6.254545454545454852e-01
3.490909090909091184e-01
2.509090909090909149e-01
6.472727272727272219e-01
5.672727272727272618e-01
5.999999999999999778e-01
4.254545454545454741e-01
3.054545454545454786e-01
5.563636363636363935e-01
3.236363636363636109e-01
4.363636363636363424e-01
3.890909090909090984e-01
3.127272727272727426e-01
3.963636363636363624e-01
6.363636363636363535e-01
7.127272727272727648e-01
3.272727272727272707e-01
5.563636363636363935e-01
4.690909090909091139e-01
3.236363636363636109e-01
3.672727272727272507e-01
6.727272727272727293e-01
6.181818181818181657e-01
2.945454545454545547e-01
3.672727272727272507e-01
6.109090909090909571e-01
3.381818181818181945e-01
7.381818181818181612e-01
3.927272727272727026e-01
5.272727272727272263e-01
7.381818181818181612e-01
5.563636363636363935e-01
5.490909090909090740e-01
4.654545454545454541e-01
4.436363636363636620e-01
7.818181818181818565e-01
7.163636363636363136e-01
2.363636363636363591e-01
4.109090909090908905e-01
3.636363636363636465e-01
2.254545454545454630e-01
2.472727272727272829e-01
6.872727272727272574e-01
5.236363636363636775e-01
6.181818181818181657e-01
6.145454545454545059e-01
2.109090909090909072e-01
2.436363636363636231e-01
4.436363636363636620e-01
8.145454545454545725e-01
6.218181818181818254e-01
2.145454545454545392e-01
6.800000000000000488e-01
4.218181818181818143e-01
1.890909090909090873e-01
4.472727272727272663e-01
2.763636363636363669e-01
3.963636363636363624e-01
4.763636363636363780e-01
6.363636363636363535e-01
8.000000000000000444e-01
2.727272727272727071e-01
6.909090909090909172e-01
8.000000000000000444e-01
2.763636363636363669e-01
5.963636363636363180e-01
7.781818181818181968e-01
3.163636363636363469e-01
1.854545454545454553e-01
3.163636363636363469e-01
3.345454545454545348e-01
4.872727272727272463e-01
4.945454545454545658e-01
1.890909090909090873e-01
6.872727272727272574e-01
3.090909090909090828e-01
5.054545454545454897e-01
6.400000000000000133e-01
1.963636363636363513e-01
7.527272727272726893e-01
4.254545454545454741e-01
3.709090909090909105e-01
6.181818181818181657e-01
6.254545454545454852e-01
7.054545454545454453e-01
7.563636363636363491e-01
6.218181818181818254e-01
3.490909090909091184e-01
3.054545454545454786e-01
7.963636363636363846e-01
5.309090909090908861e-01
6.763636363636363891e-01
3.781818181818181746e-01
3.200000000000000067e-01
6.436363636363636731e-01
6.836363636363635976e-01
7.381818181818181612e-01
8.254545454545454408e-01
6.254545454545454852e-01
6.472727272727272219e-01
4.436363636363636620e-01
4.872727272727272463e-01
5.527272727272727337e-01
8.254545454545454408e-01
7.927272727272727249e-01
4.545454545454545303e-01
3.054545454545454786e-01
7.854545454545454053e-01
6.545454545454545414e-01
7.272727272727272929e-01
7.199999999999999734e-01
6.872727272727272574e-01
7.600000000000000089e-01
8.036363636363635932e-01
5.818181818181817899e-01
6.945454545454545769e-01
6.981818181818182367e-01
5.854545454545454497e-01
4.327272727272727382e-01
6.254545454545454852e-01
6.836363636363635976e-01
6.072727272727272974e-01
3.454545454545454586e-01
7.236363636363636331e-01
4.363636363636363424e-01
7.018181818181817855e-01
6.618181818181818610e-01
5.709090909090909216e-01
5.854545454545454497e-01
6.072727272727272974e-01
7.090909090909091050e-01
3.127272727272727426e-01
3.454545454545454586e-01
7.854545454545454053e-01
4.400000000000000022e-01
3.745454545454545703e-01
3.418181818181817988e-01
7.090909090909091050e-01
5.745454545454545814e-01
7.636363636363636687e-01
6.072727272727272974e-01
4.945454545454545658e-01
5.709090909090909216e-01
8.290909090909091006e-01
3.345454545454545348e-01
6.509090909090908816e-01
3.309090909090909305e-01
6.618181818181818610e-01
4.218181818181818143e-01
6.072727272727272974e-01
4.690909090909091139e-01
3.781818181818181746e-01
2.109090909090909072e-01
3.854545454545454386e-01
3.563636363636363824e-01
7.090909090909091050e-01
6.727272727272727293e-01
4.072727272727272863e-01
6.072727272727272974e-01
3.345454545454545348e-01
7.818181818181818565e-01
4.909090909090909061e-01
2.181818181818181712e-01
3.781818181818181746e-01
7.490909090909091406e-01
2.654545454545454430e-01
3.636363636363636465e-01
3.672727272727272507e-01
5.418181818181818654e-01
7.527272727272726893e-01
5.127272727272726982e-01
7.418181818181818210e-01
4.000000000000000222e-01
6.981818181818182367e-01
4.181818181818181546e-01
6.472727272727272219e-01
2.109090909090909072e-01
5.309090909090908861e-01
4.763636363636363780e-01
4.109090909090908905e-01
5.636363636363636020e-01
5.636363636363636020e-01
4.254545454545454741e-01
3.745454545454545703e-01
2.727272727272727071e-01
3.709090909090909105e-01
2.836363636363636309e-01
5.345454545454545459e-01
3.599999999999999867e-01
3.018181818181818188e-01
3.090909090909090828e-01
4.363636363636363424e-01
4.145454545454545503e-01
3.381818181818181945e-01
5.200000000000000178e-01
3.927272727272727026e-01
4.654545454545454541e-01
3.236363636363636109e-01
3.054545454545454786e-01
4.618181818181817944e-01
4.363636363636363424e-01
2.872727272727272907e-01
4.509090909090909260e-01
6.145454545454545059e-01
3.018181818181818188e-01
4.036363636363636265e-01
4.436363636363636620e-01
3.818181818181818343e-01
5.999999999999999778e-01
4.218181818181818143e-01
3.854545454545454386e-01
4.327272727272727382e-01
5.890909090909091095e-01
4.690909090909091139e-01
6.072727272727272974e-01
5.018181818181818299e-01
4.218181818181818143e-01
5.163636363636363580e-01
4.472727272727272663e-01
5.927272727272727693e-01
6.727272727272727293e-01
3.527272727272727226e-01
3.018181818181818188e-01
3.054545454545454786e-01
5.200000000000000178e-01
5.418181818181818654e-01
3.781818181818181746e-01
3.454545454545454586e-01
2.800000000000000266e-01
5.709090909090909216e-01
5.127272727272726982e-01
2.945454545454545547e-01
6.363636363636363535e-01
4.109090909090908905e-01
3.454545454545454586e-01
2.327272727272727271e-01
5.563636363636363935e-01
5.272727272727272263e-01
4.400000000000000022e-01
7.963636363636363846e-01
2.945454545454545547e-01
3.200000000000000067e-01
3.272727272727272707e-01
4.145454545454545503e-01
6.145454545454545059e-01
3.927272727272727026e-01
5.672727272727272618e-01
5.090909090909090384e-01
2.836363636363636309e-01
6.181818181818181657e-01
5.454545454545454142e-01
2.036363636363636431e-01
2.763636363636363669e-01
3.818181818181818343e-01
3.672727272727272507e-01
5.999999999999999778e-01
2.727272727272727071e-01
4.109090909090908905e-01
4.472727272727272663e-01
3.854545454545454386e-01
4.290909090909090784e-01
2.727272727272727071e-01
5.272727272727272263e-01
5.781818181818181301e-01
3.818181818181818343e-01
2.399999999999999911e-01
2.763636363636363669e-01
4.945454545454545658e-01
5.018181818181818299e-01
2.909090909090908950e-01
2.909090909090908950e-01
2.145454545454545392e-01
3.636363636363636465e-01
4.327272727272727382e-01
3.309090909090909305e-01
3.781818181818181746e-01
5.200000000000000178e-01
4.945454545454545658e-01
6.400000000000000133e-01
4.036363636363636265e-01
7.563636363636363491e-01
5.563636363636363935e-01
4.981818181818181701e-01
7.854545454545454053e-01
4.545454545454545303e-01
5.854545454545454497e-01
5.709090909090909216e-01
5.672727272727272618e-01
2.763636363636363669e-01
5.018181818181818299e-01
4.581818181818181901e-01
7.418181818181818210e-01
4.072727272727272863e-01
3.781818181818181746e-01
6.618181818181818610e-01
3.818181818181818343e-01
8.000000000000000444e-01
6.109090909090909571e-01
7.054545454545454453e-01
7.090909090909091050e-01
6.072727272727272974e-01
6.363636363636363535e-01
6.472727272727272219e-01
6.654545454545454097e-01
6.618181818181818610e-01
5.163636363636363580e-01
5.745454545454545814e-01
4.727272727272727182e-01
7.199999999999999734e-01
4.654545454545454541e-01
6.472727272727272219e-01
3.563636363636363824e-01
3.818181818181818343e-01
5.527272727272727337e-01
2.763636363636363669e-01
7.127272727272727648e-01
5.600000000000000533e-01
2.909090909090908950e-01
5.054545454545454897e-01
5.890909090909091095e-01
5.709090909090909216e-01
3.490909090909091184e-01
7.890909090909090651e-01
7.163636363636363136e-01
7.418181818181818210e-01
3.527272727272727226e-01
5.054545454545454897e-01
4.618181818181817944e-01
6.436363636363636731e-01
7.381818181818181612e-01
7.490909090909091406e-01
5.818181818181817899e-01
6.909090909090909172e-01
7.418181818181818210e-01
8.000000000000000444e-01
6.363636363636363535e-01
7.927272727272727249e-01
6.690909090909090695e-01
7.563636363636363491e-01
8.145454545454545725e-01
7.454545454545454808e-01
5.563636363636363935e-01
7.345454545454545014e-01
6.109090909090909571e-01
6.036363636363636376e-01
7.927272727272727249e-01
6.945454545454545769e-01
8.036363636363635932e-01
7.381818181818181612e-01
8.072727272727272529e-01
7.309090909090909527e-01
7.709090909090908772e-01
8.509090909090909483e-01
8.509090909090909483e-01
6.436363636363636731e-01
6.254545454545454852e-01
6.290909090909091450e-01
6.545454545454545414e-01
6.072727272727272974e-01
6.509090909090908816e-01
6.218181818181818254e-01
4.109090909090908905e-01
6.763636363636363891e-01
4.472727272727272663e-01
7.600000000000000089e-01
6.509090909090908816e-01
6.509090909090908816e-01
5.854545454545454497e-01
7.018181818181817855e-01
7.527272727272726893e-01
6.218181818181818254e-01
6.545454545454545414e-01
6.581818181818182012e-01
6.436363636363636731e-01
6.327272727272726938e-01
6.690909090909090695e-01
6.472727272727272219e-01
8.327272727272727604e-01
6.145454545454545059e-01
6.363636363636363535e-01
7.527272727272726893e-01
4.109090909090908905e-01
4.290909090909090784e-01
5.963636363636363180e-01
4.836363636363636420e-01
6.581818181818182012e-01
7.272727272727272929e-01
5.709090909090909216e-01
6.509090909090908816e-01
3.054545454545454786e-01
3.018181818181818188e-01
6.181818181818181657e-01
5.600000000000000533e-01
4.618181818181817944e-01
3.599999999999999867e-01
4.000000000000000222e-01
8.145454545454545725e-01
6.327272727272726938e-01
3.272727272727272707e-01
6.109090909090909571e-01
4.472727272727272663e-01
3.418181818181817988e-01
6.254545454545454852e-01
6.181818181818181657e-01
4.763636363636363780e-01
3.927272727272727026e-01
4.400000000000000022e-01
2.363636363636363591e-01
4.799999999999999822e-01
4.400000000000000022e-01
2.763636363636363669e-01
2.690909090909091028e-01
3.854545454545454386e-01
5.054545454545454897e-01
2.618181818181818388e-01
3.927272727272727026e-01
4.400000000000000022e-01
4.509090909090909260e-01
2.545454545454545192e-01
7.163636363636363136e-01
2.181818181818181712e-01
5.927272727272727693e-01
3.381818181818181945e-01
4.436363636363636620e-01
3.672727272727272507e-01
4.545454545454545303e-01
4.000000000000000222e-01
3.927272727272727026e-01
6.909090909090909172e-01
7.927272727272727249e-01
7.818181818181818565e-01
8.000000000000000444e-01
7.636363636363636687e-01
5.127272727272726982e-01
6.945454545454545769e-01
4.036363636363636265e-01
6.363636363636363535e-01
5.999999999999999778e-01
8.218181818181817810e-01
6.363636363636363535e-01
8.036363636363635932e-01
4.509090909090909260e-01
5.200000000000000178e-01
8.218181818181817810e-01
4.509090909090909260e-01
7.527272727272726893e-01
7.963636363636363846e-01
7.672727272727272174e-01
6.800000000000000488e-01
4.945454545454545658e-01
8.036363636363635932e-01
7.854545454545454053e-01
6.763636363636363891e-01
6.690909090909090695e-01
7.418181818181818210e-01
6.581818181818182012e-01
6.981818181818182367e-01
4.363636363636363424e-01
8.218181818181817810e-01
7.636363636363636687e-01
7.963636363636363846e-01
5.054545454545454897e-01
6.909090909090909172e-01
5.236363636363636775e-01
6.472727272727272219e-01
7.527272727272726893e-01
7.636363636363636687e-01
6.690909090909090695e-01
6.109090909090909571e-01
7.345454545454545014e-01
7.454545454545454808e-01
4.072727272727272863e-01
7.709090909090908772e-01
7.418181818181818210e-01
7.563636363636363491e-01
7.490909090909091406e-01
3.163636363636363469e-01
8.181818181818182323e-01
6.909090909090909172e-01
6.145454545454545059e-01
5.418181818181818654e-01
5.018181818181818299e-01
6.654545454545454097e-01
5.018181818181818299e-01
4.072727272727272863e-01
3.890909090909090984e-01
5.381818181818182056e-01
2.545454545454545192e-01
6.618181818181818610e-01
4.581818181818181901e-01
3.345454545454545348e-01
5.381818181818182056e-01
2.763636363636363669e-01
5.418181818181818654e-01
6.145454545454545059e-01
2.327272727272727271e-01
5.309090909090908861e-01
3.527272727272727226e-01
4.145454545454545503e-01
5.200000000000000178e-01
3.818181818181818343e-01
5.781818181818181301e-01
3.672727272727272507e-01
6.218181818181818254e-01
5.927272727272727693e-01
5.381818181818182056e-01
4.218181818181818143e-01
5.890909090909091095e-01
5.018181818181818299e-01
2.327272727272727271e-01
3.200000000000000067e-01
4.836363636363636420e-01
6.218181818181818254e-01
7.709090909090908772e-01
4.181818181818181546e-01
5.890909090909091095e-01
6.072727272727272974e-01
5.890909090909091095e-01
2.654545454545454430e-01
6.363636363636363535e-01
5.272727272727272263e-01
6.981818181818182367e-01
6.218181818181818254e-01
6.509090909090908816e-01
6.472727272727272219e-01
6.545454545454545414e-01
6.400000000000000133e-01
6.509090909090908816e-01
6.581818181818182012e-01
7.418181818181818210e-01
5.272727272727272263e-01
4.254545454545454741e-01
4.836363636363636420e-01
5.090909090909090384e-01
3.054545454545454786e-01
2.836363636363636309e-01
4.836363636363636420e-01
2.472727272727272829e-01
5.309090909090908861e-01
5.636363636363636020e-01
4.727272727272727182e-01
4.909090909090909061e-01
6.436363636363636731e-01
4.254545454545454741e-01
5.927272727272727693e-01
5.345454545454545459e-01
5.236363636363636775e-01
4.436363636363636620e-01
3.490909090909091184e-01
5.454545454545454142e-01
5.636363636363636020e-01
2.545454545454545192e-01
4.727272727272727182e-01
2.181818181818181712e-01
2.109090909090909072e-01
2.254545454545454630e-01
4.981818181818181701e-01
5.854545454545454497e-01
4.327272727272727382e-01
4.618181818181817944e-01
2.399999999999999911e-01
1.927272727272727193e-01
5.818181818181817899e-01
4.327272727272727382e-01
4.799999999999999822e-01
6.072727272727272974e-01
3.490909090909091184e-01
4.472727272727272663e-01
6.363636363636363535e-01
3.381818181818181945e-01
4.145454545454545503e-01
2.763636363636363669e-01
4.363636363636363424e-01
6.327272727272726938e-01
4.690909090909091139e-01
2.618181818181818388e-01
4.254545454545454741e-01
5.054545454545454897e-01
6.618181818181818610e-01
2.654545454545454430e-01
4.072727272727272863e-01
6.218181818181818254e-01
4.145454545454545503e-01
3.636363636363636465e-01
2.872727272727272907e-01
4.254545454545454741e-01
5.818181818181817899e-01
5.127272727272726982e-01
6.363636363636363535e-01
6.109090909090909571e-01
4.727272727272727182e-01
5.818181818181817899e-01
2.909090909090908950e-01
3.272727272727272707e-01
3.490909090909091184e-01
4.218181818181818143e-01
5.854545454545454497e-01
5.127272727272726982e-01
3.599999999999999867e-01
3.200000000000000067e-01
5.709090909090909216e-01
5.600000000000000533e-01
3.454545454545454586e-01
4.727272727272727182e-01
2.763636363636363669e-01
3.818181818181818343e-01
2.545454545454545192e-01
3.854545454545454386e-01
3.163636363636363469e-01
2.872727272727272907e-01
4.109090909090908905e-01
6.472727272727272219e-01
2.945454545454545547e-01
5.672727272727272618e-01
4.618181818181817944e-01
6.400000000000000133e-01
5.927272727272727693e-01
5.636363636363636020e-01
2.945454545454545547e-01
5.163636363636363580e-01
6.800000000000000488e-01
2.072727272727272751e-01
3.381818181818181945e-01
5.054545454545454897e-01
3.599999999999999867e-01
4.400000000000000022e-01
4.618181818181817944e-01
6.581818181818182012e-01
6.218181818181818254e-01
4.472727272727272663e-01
4.799999999999999822e-01
6.654545454545454097e-01
6.545454545454545414e-01
5.490909090909090740e-01
6.945454545454545769e-01
6.363636363636363535e-01
2.909090909090908950e-01
6.327272727272726938e-01
6.145454545454545059e-01
4.690909090909091139e-01
2.363636363636363591e-01
4.181818181818181546e-01
4.072727272727272863e-01
4.400000000000000022e-01
4.109090909090908905e-01
2.399999999999999911e-01
7.163636363636363136e-01
2.763636363636363669e-01
6.509090909090908816e-01
6.181818181818181657e-01
6.036363636363636376e-01
6.109090909090909571e-01
6.072727272727272974e-01
4.799999999999999822e-01
3.963636363636363624e-01
4.072727272727272863e-01
3.709090909090909105e-01
5.672727272727272618e-01
3.018181818181818188e-01
4.472727272727272663e-01
4.618181818181817944e-01
7.199999999999999734e-01
6.545454545454545414e-01
8.472727272727272885e-01
5.018181818181818299e-01
7.236363636363636331e-01
3.599999999999999867e-01
4.290909090909090784e-01
4.509090909090909260e-01
5.963636363636363180e-01
5.345454545454545459e-01
5.600000000000000533e-01
6.400000000000000133e-01
4.727272727272727182e-01
8.254545454545454408e-01
7.890909090909090651e-01
4.618181818181817944e-01
4.363636363636363424e-01
5.781818181818181301e-01
4.509090909090909260e-01
4.581818181818181901e-01
7.963636363636363846e-01
7.745454545454545370e-01
4.836363636363636420e-01
6.363636363636363535e-01
6.800000000000000488e-01
5.600000000000000533e-01
2.327272727272727271e-01
5.418181818181818654e-01
6.763636363636363891e-01
4.872727272727272463e-01
2.327272727272727271e-01
4.945454545454545658e-01
5.018181818181818299e-01
8.218181818181817810e-01
3.927272727272727026e-01
3.054545454545454786e-01
3.490909090909091184e-01
5.127272727272726982e-01
5.200000000000000178e-01
4.472727272727272663e-01
3.890909090909090984e-01
6.763636363636363891e-01
2.981818181818181590e-01
7.709090909090908772e-01
8.181818181818182323e-01
6.618181818181818610e-01
4.836363636363636420e-01
2.872727272727272907e-01
2.690909090909091028e-01
7.054545454545454453e-01
5.127272727272726982e-01
4.581818181818181901e-01
3.200000000000000067e-01
3.345454545454545348e-01
2.800000000000000266e-01
6.436363636363636731e-01
6.727272727272727293e-01
8.109090909090909127e-01
7.709090909090908772e-01
4.654545454545454541e-01
6.072727272727272974e-01
7.090909090909091050e-01
3.890909090909090984e-01
7.927272727272727249e-01
5.018181818181818299e-01
3.309090909090909305e-01
6.727272727272727293e-01
7.781818181818181968e-01
4.836363636363636420e-01
7.927272727272727249e-01
6.436363636363636731e-01
5.272727272727272263e-01
6.763636363636363891e-01
6.836363636363635976e-01
6.872727272727272574e-01
6.945454545454545769e-01
7.563636363636363491e-01
6.690909090909090695e-01
5.890909090909091095e-01
4.218181818181818143e-01
6.036363636363636376e-01
4.109090909090908905e-01
6.800000000000000488e-01
6.654545454545454097e-01
7.927272727272727249e-01
5.672727272727272618e-01
7.272727272727272929e-01
6.581818181818182012e-01
6.254545454545454852e-01
6.436363636363636731e-01
6.690909090909090695e-01
7.236363636363636331e-01
7.963636363636363846e-01
6.327272727272726938e-01
6.400000000000000133e-01
6.581818181818182012e-01
8.509090909090909483e-01
7.963636363636363846e-01
6.909090909090909172e-01
6.472727272727272219e-01
2.654545454545454430e-01
1.963636363636363513e-01
2.509090909090909149e-01
2.872727272727272907e-01
2.327272727272727271e-01
3.418181818181817988e-01
3.018181818181818188e-01
2.690909090909091028e-01
4.181818181818181546e-01
