9.724384839902407984e-01
4.637102322447114733e-01
7.194760929688185369e-01
9.798027156469244492e-01
9.210438552025840275e-01
8.776219059551715329e-01
9.291579860802382518e-01
5.161536499503082132e-01
5.588556242466019564e-01
1.306247768581833002e-01
9.196213140794077257e-01
7.965706509725862805e-01
2.610584930793912739e-01
7.417337218067068250e-01
5.167343461990117071e-01
8.987909736328369981e-01
2.429596247806648235e-01
6.551997859894337362e-01
4.200961404301811752e-01
6.482385896075902876e-01
6.382670763252707991e-01
5.812519761866073997e-01
7.410698856089644737e-01
4.389711979432911471e-01
5.636468086605300742e-01
9.026961950288701075e-01
9.388374401318676510e-01
6.281784006091372108e-01
9.988816684933146117e-01
4.953106914512641068e-01
8.397243546468057263e-01
7.659025131903387518e-01
9.268941708575129113e-02
1.089943658157238732e-01
7.388129397786967756e-01
4.514516681725057046e-01
9.532090494800955494e-01
4.530387368914485235e-01
8.551261011200106399e-01
5.822015967978841910e-01
7.384298913289137900e-01
9.581912186803724918e-01
4.183714742481314808e-01
4.583451140301429971e-01
9.423480344697799937e-01
9.103073623611421805e-01
7.806103276076957753e-01
4.253792793943009243e-01
7.067007391758769463e-01
6.358207367670505317e-01
5.950811147712029570e-01
9.838297352114366845e-02
9.543652810108681495e-01
9.204887817121464311e-01
7.394373344414664206e-01
9.222912258968856136e-01
2.222608232137677220e-01
6.128056753569618431e-01
9.656174497286197367e-01
8.253788053523225532e-01
9.249005401036307639e-01
9.750848150738445907e-01
9.345665949251488192e-01
8.945474065034210165e-01
4.909485503744293600e-01
9.490500104542967108e-01
6.362824138283359465e-01
6.430945506585306060e-02
5.934034028056890397e-01
1.695740263428179295e-01
2.660960267739569396e-01
7.537924068673620415e-01
6.891799497585365808e-01
9.436748471902407509e-01
7.033316853628742704e-01
5.743657636269099420e-01
3.542910710439854949e-01
2.074869577371357687e-01
1.279499888116118478e-01
7.915570821585005135e-01
6.756808856325043910e-01
3.806780042590562352e-01
6.679745524182727490e-01
5.183167344524585163e-01
9.439942467264891279e-01
8.579775117467096368e-02
1.338209004755743226e-01
8.013191927424687111e-02
1.092304785228918329e-01
2.625690144599791553e-01
3.050158146749512023e-01
9.838204916541889444e-01
3.943967627186633490e-02
9.529100171814852693e-01
3.790521503147296634e-01
3.609708040260755091e-01
2.345281256524393843e-01
3.252740032168880413e-01
5.030767564683932269e-01
8.459311966972981045e-01
5.089061517739393858e-01
1.750018214338039391e-01
9.452587778658889661e-01
5.670192267491349497e-02
1.072060893794626879e-01
6.638982932344422716e-02
1.122208390983401027e-01
6.525796776018956136e-01
3.481875377236955393e-01
3.899561645835470380e-01
2.419872365274066198e-03
9.603022517476630382e-01
8.523010724254090342e-02
8.028697580329186012e-01
9.978441811456933985e-01
6.132833334253844360e-01
2.241539092606757433e-01
3.315433099841347819e-01
3.088228419328806554e-02
1.948674770209213314e-01
6.747517208300780889e-02
1.254774842334379081e-01
8.314693204107417301e-01
2.783402970093738493e-01
1.659241091669204082e-01
1.523994045602186653e-01
6.429797682755058474e-01
3.617718207823421989e-02
4.993686370556775778e-01
5.091305147346611437e-02
6.954928099473762781e-01
6.228940276111805119e-01
6.860690369357866913e-01
6.489621099394924375e-01
6.775288250118375322e-01
8.447106902139436269e-01
4.046961523045974340e-01
8.440570577730218682e-01
6.306284131712481811e-01
9.712229917909328547e-01
6.739337484622587304e-01
9.829006233384521840e-01
6.640799956623364420e-01
9.634012040031986190e-01
9.130207507224605834e-01
8.582242587256267985e-01
8.599443878697257126e-01
9.503939784719734885e-01
8.108920542144554267e-01
8.301086668584592987e-01
9.898297546175055528e-01
9.992479198854204991e-01
6.382246338895078419e-02
9.712764247505030202e-01
9.769446371104103521e-01
9.740381132469174696e-01
9.890270853948555096e-01
9.954692109199660965e-01
9.913834416446434261e-01
7.245076814866370229e-01
9.387214723141712458e-01
9.049180200040720656e-01
9.220187328917660574e-01
9.820871959300500054e-01
5.225244924104947009e-01
8.530821704553074314e-01
9.432621018370823673e-01
7.869550523926632790e-01
4.343497209134972170e-01
6.936829257749138611e-01
1.355014953145445011e-01
7.836290787636306376e-01
9.167858974018873175e-01
7.616586613967260000e-01
5.586128165347786778e-01
6.519808808458076310e-01
5.760884900668780118e-01
7.465217762208924412e-01
6.717824280228579248e-01
5.947013260661546674e-01
6.188215782282304733e-01
5.642400023165551337e-01
4.650042515499654416e-01
5.490004269648338653e-01
9.272435991911364139e-01
5.819085225595301836e-01
6.667168590681090690e-01
6.015457755031057285e-01
1.997141354655642409e-01
8.270529502777635988e-01
3.541755348974116591e-01
4.145479534930571752e-01
8.370473624436129967e-01
9.865480696312237674e-01
5.968484868114541930e-01
8.898672595557649556e-01
6.238187810300531710e-01
9.495735371712950013e-01
9.881851838735874471e-01
3.985445083370781072e-01
9.276365284447107840e-01
5.640150525841030049e-01
5.082275419529679317e-01
9.229275978670402614e-01
8.968836733874590017e-01
4.692531364072013988e-01
7.052002778021124740e-01
2.484728993827093613e-01
3.078835803327101828e-01
7.290847473520767341e-02
6.667645917990626669e-01
8.065528818398993716e-01
2.512601531183463188e-01
6.180462961625455415e-02
4.384852588029874432e-01
8.801752578809018956e-01
7.047951469296619142e-02
9.703640665296473511e-01
2.800367626784383557e-01
4.708129834844057560e-01
7.380347106092417508e-01
8.198278548885450379e-01
8.280456267470331921e-01
7.849114366851610569e-01
1.702598935216758647e-01
8.445578671142615068e-01
4.137495832987685973e-01
7.627817423262460705e-01
5.528847431005231433e-02
4.454360104615311955e-01
3.531709112857840671e-02
4.083156332666867949e-01
6.038541845295622990e-01
6.745681060495504200e-01
7.326961201222806919e-01
5.265880887986398307e-01
4.405657441758437654e-01
7.394105797088924570e-01
9.103899563480524204e-01
2.229514673470983366e-01
1.270718632826211766e-02
9.225426979103640290e-01
6.132247076000625352e-01
2.929994829356350472e-01
9.964488986841180118e-01
9.047830266389070841e-01
6.183053940466840537e-01
4.569505709788339587e-01
6.892834440777770855e-01
8.931409208489718976e-01
8.247869292802710584e-02
3.888691644124723790e-01
3.375151758867801499e-01
1.116431625003587447e-01
7.628664501228727968e-01
9.524150615646715945e-01
5.003070211018068036e-01
2.038777252576264021e-01
8.134103249607099739e-02
9.625818800469093661e-01
5.885796834184476856e-01
7.188399962369113050e-02
2.161302498552934714e-01
1.221050760224026699e-01
3.076616123922729096e-01
1.724606721389572439e-02
4.314918496910106205e-01
8.614490814110979666e-02
8.522693810994640407e-01
1.618224466205037959e-01
1.155337538160853827e-01
1.089940132833655956e-01
1.219449160091314044e-01
4.432896819364915975e-01
8.525497450938619437e-01
3.272013949497363378e-02
3.702553110574898221e-01
2.842018572899468465e-01
5.838127402843967806e-02
8.012637538973992335e-01
2.125310617942149927e-02
7.613135641049941782e-01
4.600761193117437753e-02
4.105170028034961227e-01
3.368390410888733033e-01
3.228818768227312286e-01
4.112422971395077731e-01
1.442534541074057541e-01
2.614930494405758310e-01
5.527481095383750542e-01
7.810544207069487488e-01
5.940669387405994595e-01
3.568161761440554192e-01
5.036451489421820416e-01
5.219616956183464884e-01
3.102640879310645250e-01
8.681996054861574885e-01
3.404769713143754872e-01
9.472578308321939478e-01
3.965735946497968983e-02
1.776322910352570172e-01
1.941551343555892317e-01
5.392420866459693984e-01
1.470109450067133283e-01
1.540999321900480834e-01
7.339431031324935573e-01
6.384504268177819686e-01
3.066388248429050556e-01
9.832460193540595306e-01
9.838708240541588212e-01
5.984149138800605172e-01
4.780616289631784976e-01
9.506024952606969558e-01
6.842313135453044204e-01
5.246892320933567166e-01
3.188868661244629865e-01
8.793064786557158730e-01
2.220405761212865259e-01
2.417821695500750878e-01
6.099108088254172610e-01
1.948350222122047781e-01
8.392163828527841041e-01
9.241476661960582595e-01
1.439033492051472185e-01
2.100976154648565297e-01
4.921001038093194002e-01
7.504171804954881120e-01
9.432494943402164322e-01
9.617870855847425737e-01
5.699704504878582156e-01
5.501644208262034264e-01
5.870081591989974035e-01
9.619068613077761398e-01
1.111746994226155555e-01
9.711974451413502019e-01
2.366345643749470096e-01
8.578856678684489978e-01
1.069587045856084107e-01
3.609426829476643506e-01
9.530736637608762107e-01
7.340258853995097477e-01
8.431973727432393595e-01
6.971690693298657759e-01
1.074662043400445022e-01
7.680866383323222690e-01
5.827442733313481504e-01
9.491221360633111948e-01
8.718468910981690412e-01
8.536839098842968765e-01
5.791110864685777848e-01
3.685673154114008088e-01
2.645232359751119311e-02
6.841472397361438862e-01
2.416769663616077646e-01
4.711447827533515875e-01
4.198427888271827335e-01
4.963066037200598579e-01
3.053656242534797394e-01
4.141861456322067925e-01
6.661773625493020434e-01
8.804898449234270785e-01
8.728838543601423750e-01
9.686593526862622427e-01
6.929897758806954355e-01
9.906660455767615225e-01
9.997878876398770265e-01
5.532056850575887141e-01
9.145174764822148195e-01
8.453514916325358675e-01
9.581540055437850478e-01
8.090196088236156768e-02
1.638587505915910236e-02
5.068060465030889139e-01
6.677452642943569605e-02
5.057954598392824797e-02
5.292623954504873524e-02
1.798277877315355988e-01
8.491482673822405014e-02
1.015048695167782983e-01
6.841425538475172374e-02
3.511862011692236107e-01
3.347019445632404971e-02
7.037830088685154140e-02
2.425330947387863700e-01
5.238423675805167073e-02
2.838089312721270296e-01
4.620317420820610477e-02
4.812543374912185978e-01
9.925160119167523165e-01
3.141525555990703489e-01
8.447038931949235607e-01
5.132871178412464624e-02
9.194693860903582205e-01
9.183840129723338519e-01
9.601979284713326734e-01
2.307426447747907838e-01
5.902520662555198194e-02
1.293915052868302995e-01
2.429030914789705731e-01
8.932001708762578041e-01
7.394623199374468214e-01
7.162715980609467292e-02
2.950182780327475496e-01
2.988986327796557263e-01
1.089670419910189897e-01
4.326747723552203939e-01
3.252891720386438257e-01
2.174357988031132560e-01
4.314059352560707383e-01
1.293092019562340211e-01
4.485185252784941179e-01
3.297097838116131441e-01
1.012555258698686067e-01
6.225196955713270253e-01
8.981220442774336954e-01
9.548744628619476593e-01
3.690630028001564145e-01
2.159093505882466596e-02
8.481970730216576992e-01
5.911784676884288547e-01
2.698384743614739012e-01
8.979806675811171646e-01
2.874680830272638432e-01
1.087208280899657070e-01
2.543438021561170714e-01
5.021083400009723752e-01
8.385471674137305875e-01
7.081487178144387773e-01
2.134202189451400444e-01
1.711158586402070081e-01
6.713148238219721620e-01
6.890388923798769216e-01
7.264165573407360688e-01
3.474885451411353077e-01
2.172712394092128352e-01
8.907891418924906990e-01
2.829731100725429993e-01
3.146773245919374795e-01
5.267915108301058913e-01
1.766099973870003115e-01
4.304202142487595362e-01
4.083582450536824004e-01
4.789901055931345408e-01
2.049764072934437686e-01
5.931494730679534033e-01
1.468187314299978230e-01
5.304675172484133450e-01
6.269890264720182627e-01
8.205355797004693086e-01
8.254730487249903881e-01
6.571521654773372634e-02
2.739139575890925382e-01
7.441559114543507825e-01
2.753251608050066856e-01
7.958073985686739960e-01
2.077011168430879240e-01
7.296716975399120120e-01
6.262385863444152045e-01
7.256116314589995397e-01
8.984294902292438989e-01
2.500980073269220560e-01
8.461412802212147088e-01
9.183840292180206477e-01
8.280111203063312830e-01
1.464537448953038556e-01
5.885439369784234431e-01
2.903763279041761125e-01
7.931884442468833951e-02
5.367228230174859310e-02
6.312760961077452659e-01
4.426888332316138985e-01
7.545652722937867818e-01
6.793232776470956580e-01
5.480450178212251111e-02
2.013821545159781568e-01
9.212931419977696823e-01
8.516037297816065887e-01
7.850914493037211006e-01
3.581651634895188785e-01
8.295456105002882996e-01
4.587136257820149110e-01
5.847957285629279411e-02
5.888544893491539645e-01
3.522938663368186951e-01
5.676596475482357240e-01
7.294795099513844416e-01
7.258424756500169162e-01
9.107941479285102115e-01
7.700188264470159138e-02
6.832251802075679503e-01
9.716629268142108478e-01
6.666218471326896822e-01
6.655537943374469911e-01
9.032634111038082558e-01
3.886057755917093903e-01
2.345375152986370684e-02
1.302532182364732061e-01
2.691919150073081579e-01
8.889313918368647593e-01
9.372000450323798582e-01
1.331228342383242906e-03
9.564546183105723243e-01
1.939358884089754653e-01
7.092061083109144626e-01
7.611481614374149274e-01
1.959259799174235470e-02
9.942695905306035975e-01
2.500980073269220560e-01
1.280867681085879339e-01
8.716081135115346656e-01
8.830446041376196487e-01
9.618362904562234306e-01
9.118279511682526595e-01
8.714904594462361542e-01
8.428303177735957386e-01
2.559050240668258036e-01
9.999995040428752979e-01
5.090303145534025298e-01
6.554896572148520839e-01
3.264773763130939255e-01
1.764575013848190821e-01
7.593768842292243360e-01
6.724599145659178046e-01
9.346088566988151047e-01
9.937488543490226034e-01
9.375309984558494181e-01
5.055910445773572626e-01
6.691907744909858513e-01
4.621901496165665146e-01
6.958114170230209616e-01
8.989241320043063199e-01
9.430576976871779538e-01
3.391209251836573291e-01
2.549215534753974666e-01
9.267137456308800481e-01
8.641868951675618638e-01
4.305625785058065924e-01
3.725696310031660352e-01
6.472764623360329761e-01
9.785872797598125228e-01
9.441278636794789847e-01
7.396587767281892489e-01
8.747074715095685127e-01
2.144921356514502275e-01
4.543994833346505779e-01
9.498084673023216018e-01
6.575926172518906654e-01
6.826483706497104009e-01
3.585845623746723998e-01
1.613136318500074384e-01
9.376138500640420759e-01
2.367985898885985319e-01
8.985496369167567110e-01
8.486039206154819547e-01
4.354328906248593478e-01
5.504224703752012005e-01
2.159403274422831420e-01
9.032915373747467669e-01
3.012407166211590326e-01
2.631538918144150918e-02
9.529825795004464029e-01
4.365461131814932783e-01
2.139530782194870029e-01
1.950357752988921278e-01
4.131880986364601105e-01
5.794365526378999487e-01
9.220254343726762558e-01
4.658938987005000754e-01
6.477289069346447992e-01
7.950570813390227531e-01
8.734917227617826629e-01
2.223713693514084155e-01
7.455502052650287981e-01
1.535368370436493990e-01
6.248462190981782793e-01
3.477449591403011242e-01
8.991175284077785879e-01
6.049898997895417629e-01
4.691147285816631152e-02
1.308048847894963951e-01
2.723703779054425511e-01
1.119614539853736185e-01
5.509009705043396155e-01
6.500392203333196228e-01
2.873378508987989299e-01
6.536654808269970474e-01
2.453309771554669783e-01
6.768774841531798314e-01
7.694358182001334034e-01
1.382878602336972684e-01
2.941224767259732475e-01
9.098710253859733088e-01
8.222811052174006097e-02
2.266082069939498178e-01
2.168783647279578786e-01
6.398013611851555149e-01
9.082550086277744184e-01
4.764962535055258241e-01
7.540456773042968353e-01
4.239504206317796786e-01
9.898365045677630647e-01
4.883171793420955087e-01
7.141861462223579871e-01
3.625863896726009283e-01
1.717038598719336784e-01
3.213991393096146676e-01
1.134146668186284401e-01
4.989819960796419429e-01
7.103166925297417222e-01
3.186262997945556452e-01
2.094504825957909933e-01
2.203276358323394413e-01
1.087671203878567971e-01
8.027394385551885059e-02
4.952560634552135022e-01
4.204979114740761137e-01
8.248712505292761232e-01
2.420228931271964645e-01
4.233347778714616760e-01
3.005152208845361383e-01
2.405280173333279314e-01
1.846263294361150109e-01
5.999937278161959070e-02
4.311926141053647465e-01
1.100929174528584575e-01
1.566220119915668063e-01
3.137703227685061935e-01
2.978160331685404394e-01
1.388051823208007185e-01
3.113185588940424742e-01
4.429498583726877436e-01
2.276003484483045125e-01
4.460597728169113929e-01
3.548779058210847492e-01
1.259657814580201207e-01
7.776049125331879752e-01
4.075935551266751111e-01
4.270279133411999939e-01
6.859785281689881886e-01
8.147686218463596752e-01
1.656935161987430905e-01
4.858414383980432794e-01
2.839377860701815526e-01
1.155587139206434022e-01
5.001213726573507934e-01
4.199402504214144183e-01
6.009588627960946727e-01
9.636848926699240758e-01
5.270739575736121951e-01
7.509849122791209530e-02
1.447707557387319099e-01
1.573705974423613985e-01
3.328117142483468793e-01
1.724274434271627909e-01
6.595802140675585123e-01
2.153794070810180761e-01
8.212159455461899293e-01
5.807202646487666930e-01
1.861447066202059353e-01
9.224745330584187553e-01
9.452097749998882026e-02
2.159311435695080994e-01
1.204885840668120239e-01
3.183063416762111908e-01
3.286160960958184329e-01
2.665281506432530256e-01
8.801295711650686249e-01
2.700202353297624924e-01
3.625269625796082029e-01
4.941030542036805584e-01
2.672081801246014576e-01
9.175013605477327916e-01
2.441376931998517075e-01
6.224765863884870187e-01
2.551272282909324285e-01
1.917888869918498440e-01
6.495627895472284585e-01
6.952753279202921188e-01
1.082765061914252869e-01
1.089803537685322815e-01
1.386686592869082746e-01
8.247940803960994438e-02
2.323434415875407499e-01
3.414168500859026678e-01
5.120678639532246779e-01
5.219059926123063020e-01
4.085646431226734321e-01
3.809794563370585418e-01
1.383431922573494510e-01
8.145119764488009118e-01
5.242193295517708629e-01
9.570365015290417665e-02
2.736025378615148940e-01
5.773484744690184772e-02
4.023873351825172362e-01
4.217545961054586234e-01
5.978744233461295854e-02
1.491868830559154036e-01
1.070965527520795907e-01
2.161771959264242038e-01
7.335001098239236628e-01
6.437885159793101456e-03
6.877058105804538524e-02
2.703960626108028453e-01
5.189012589618516857e-01
6.739537001633850478e-03
7.199973419192309265e-01
9.370572137208665886e-01
9.034746840611992402e-01
5.623143513347899081e-01
9.616774471286657633e-01
6.038118879448151066e-01
9.096765912105622132e-01
5.046500000332818647e-01
5.229977283157748458e-01
1.931966501078405049e-02
7.692696219775164712e-01
6.462026842245296443e-01
8.685144605070648227e-01
8.797892565191443859e-02
2.259234955704948478e-01
9.372149119904964465e-01
4.918468364608344356e-01
9.756717683309868994e-01
7.507165882798546575e-01
5.392622079745507113e-01
8.780444399884301809e-01
1.389139073834456395e-01
9.243832886890436251e-01
5.653972864843362922e-01
7.668993395150595083e-01
7.192270337920007028e-01
3.111713565459818254e-01
6.832110138469879024e-01
6.527304487799110433e-01
8.536655829155544994e-01
4.352863487810891274e-01
6.764470889695494149e-01
3.116622452153092748e-01
3.064047395095964021e-01
5.017629099179684582e-01
1.532707988287932699e-01
4.995924557856076809e-01
9.449455968851322440e-01
6.018348947056383069e-02
4.221474547920891496e-01
5.385410804444368260e-01
7.019033565495771398e-01
3.478599798625828243e-01
9.594087593221705124e-01
8.948124516241504622e-01
9.006315886345246380e-01
2.199100156314571231e-01
3.233480658102170779e-01
5.326531358652992348e-02
6.935696180035739733e-01
3.330838280267597318e-01
9.888573966650217040e-01
5.147655691326104010e-01
8.241677071099811069e-01
9.307311335093353399e-01
9.703178758786522584e-01
7.590630614068275550e-01
9.926337132516431794e-01
9.903078791987142138e-01
9.474337104379561003e-01
9.932360429622841824e-01
9.565429755733648731e-01
4.830810690616581526e-01
9.350293316667003252e-01
9.156261638712651640e-01
6.902122891284612205e-01
8.863487925687902891e-01
9.545348083382738658e-01
7.802657588478820738e-01
8.093847461113533592e-01
9.844757815072162632e-01
8.942135482822328729e-01
8.748790009026851111e-01
7.090501278304655042e-01
9.999799802534576898e-01
8.669137705091511936e-01
7.443948324948371775e-01
3.323979877336327715e-01
7.194025626694031672e-01
7.370685348650827251e-01
8.664480459518369981e-01
4.306126590162153156e-01
3.097638355967863300e-01
6.620945651611351845e-01
6.000228785307972768e-01
9.978748294043439104e-01
4.783649254381550642e-01
3.925697740412855685e-01
7.861930806577912545e-01
7.752390242126309117e-01
9.585189240568418034e-01
7.423544758026843216e-01
4.173315136376683498e-01
7.070772835880175800e-01
3.126430125590983211e-01
8.743879494508164374e-01
8.345938365428876571e-01
6.264379313832775242e-01
6.729170934258393855e-01
7.465477118229020270e-01
6.802399984263451937e-01
6.929409949841092153e-01
2.907352314637197122e-01
4.400685182272437990e-01
8.851664864526039844e-01
7.472571332543693767e-01
4.884812518164772244e-01
7.659188199080440018e-01
6.390423235902554788e-01
6.567096735504461824e-01
3.820659716441803661e-02
2.216402869785227547e-01
8.502956014130961249e-01
4.673211758117107872e-01
2.059834037752626967e-01
4.628294991223071142e-02
2.628360616791307613e-01
9.094666893680335429e-01
5.978552314044914828e-01
1.705183202227495420e-01
6.097881459665681625e-01
6.227907025031332866e-01
2.489074458305740589e-01
2.522804724355641737e-01
8.224976742339573654e-01
3.869187026118489636e-01
1.651315839508129268e-01
5.598855975474331670e-01
4.107553654240514440e-01
3.876715345897879250e-01
3.906030580984162226e-01
3.635753411111836697e-01
8.452923072028828422e-01
2.605191443288968900e-01
6.562517592622573170e-01
3.859967992469411080e-02
3.094601231822392551e-01
9.812547486131982521e-02
2.918318345694861926e-01
1.019843034917985725e-01
9.773333450221293184e-01
2.264120621263847333e-01
5.697156087781021228e-01
1.300863607860383853e-01
1.749470020852418872e-01
1.503124649203452234e-01
4.247448583017744972e-01
3.714139095696264437e-01
8.277963443898318785e-02
7.286302948707340521e-01
9.800924320003092660e-01
9.862756421067248036e-01
9.939957385069169149e-01
7.291999168042848645e-01
5.846847164523859552e-01
3.771772512607006744e-01
2.814771892994650249e-01
7.232444462017788567e-01
5.972148554377529894e-01
9.764362309544999396e-01
5.896566709973651843e-01
9.975431588568596242e-01
9.950796596593087795e-01
5.104232402079310615e-01
9.987149833254214126e-01
5.087347308355867348e-01
8.421567998048448134e-01
9.190345313955377016e-01
9.863688170994103777e-01
7.916015759860729473e-01
5.148789274123997117e-01
9.818403954083256835e-01
7.126462806986956222e-01
6.745531979966014058e-01
7.815835244679744109e-01
9.625132054948067895e-01
9.013832957768397325e-01
4.629035585720402968e-01
4.204438982332051600e-01
6.862408823749789333e-01
9.901694965210966481e-01
9.012055709213939725e-01
6.880658082117893093e-01
8.311811724768713994e-01
8.688167265265828165e-01
8.698061847050980733e-01
8.632637795900125477e-01
9.350427293173538823e-01
9.298846442339053775e-01
6.936735264158077063e-01
6.911888908732333192e-01
9.405996357269078567e-01
9.591189296801596598e-01
9.641956210391304793e-01
9.845605525269404135e-01
7.837947461986053410e-01
8.209696458014990039e-01
7.585868622130821359e-01
9.940563045616002125e-01
9.831709003295149296e-01
8.702024899054495721e-01
6.748180298071433381e-01
4.974911436032807832e-01
4.069791043688472110e-01
1.915345065369004063e-01
1.248042794280815153e-02
1.056417404797728860e-01
6.938472704286642312e-01
1.038811052197494977e-01
9.065778022465880159e-01
4.407794048840347756e-01
3.219229382872527134e-01
7.921185474881194954e-01
8.035583862629007423e-02
7.359352301508059746e-01
3.640503272437708437e-01
1.186069873923206314e-01
7.397437982234833509e-01
3.530091071161090555e-01
1.809317522885801055e-01
3.954608926442250705e-01
3.443590375062704489e-01
8.087050003823211819e-01
8.368351949698924486e-01
7.321550023374222560e-01
5.785131078278640260e-01
1.448065411694664240e-01
6.817946098043173309e-02
5.233203443296829960e-01
7.225741304357460315e-01
2.071711994225877151e-01
4.745965200957434904e-01
4.317458189484167375e-01
8.838949844607574269e-01
7.206713890492079111e-01
5.161330592071088352e-01
7.016187354584896285e-01
6.662456949293805719e-01
4.076505679970064966e-01
1.104296702682364545e-01
8.816666355977618164e-01
6.980681367726179198e-01
8.792027613119632878e-01
6.900945485924017131e-01
2.171830898555278111e-01
7.267617867148273847e-01
6.987043894209548078e-01
5.914586963795830377e-01
7.704509131915832088e-01
8.336752745570078504e-01
7.814266091954337190e-01
5.801183218366032790e-01
3.490050164198509886e-01
9.417812471380625494e-01
2.790270909522372111e-01
8.155984191327572130e-01
1.217546187409177805e-01
6.496830982057087978e-01
3.603256492944940659e-01
4.795838353560555878e-01
1.884791574151159221e-01
2.071953023113764503e-01
4.747563738266698530e-01
6.459058058523338142e-01
5.458939385314912629e-01
4.652771896381189820e-01
4.303702979807823015e-01
8.071014717250359904e-01
3.177446849118292227e-01
2.774499411930804807e-02
4.744995565983735064e-01
5.007312412682292102e-01
4.234566870321088833e-02
3.847634184540547619e-01
1.823202036400121615e-02
1.796406758694941985e-01
1.306620087995068180e-01
1.073774380773679926e-01
5.421544953299823888e-01
1.523292985092509766e-01
1.320850400452803775e-01
8.458843204807736660e-02
3.085143008896927552e-02
7.453053965418676707e-01
1.485657055495586687e-01
4.911031405235472547e-01
5.391846043408128342e-01
5.596438379442170152e-02
6.589185210553460958e-02
4.182625248039459898e-01
1.117028372849752649e-01
1.175673345502194905e-01
3.329919572396020655e-01
2.316121173201944883e-01
4.173052917678019003e-01
2.470182043049083676e-01
4.114017474051278461e-02
5.554543553358523567e-02
5.509697264518551574e-01
8.573513511702502976e-01
1.187087195272225615e-01
1.125176145135548950e-01
8.987122735395226547e-01
1.215223329351822618e-01
6.416721673264835779e-02
4.505472836078894261e-02
3.013998179571545921e-01
3.455607970949208241e-01
7.377284057700134179e-01
8.261904659457175448e-01
7.235817093778411646e-01
1.836955611981053449e-01
7.179409228289616030e-01
9.543272639419601855e-02
9.662024661239035361e-02
2.135028641395789739e-01
5.248186718390714794e-02
8.602948727459035494e-01
3.703647604451403841e-01
2.384857958518963594e-01
7.073544607897170877e-01
7.852053754039401978e-01
6.489967858122662747e-01
1.907588145850344641e-01
1.934878191211879817e-01
1.612882657156777255e-01
6.237645052132825135e-02
2.152234939451286855e-01
3.765319878238791024e-02
3.541519250840249183e-02
1.059204954619422379e-01
4.717357107771463082e-02
9.911754001765914479e-01
6.310746139201547367e-01
3.647967393106961720e-01
1.215190644706313633e-01
8.072802171992355946e-01
7.963453346010865852e-01
9.262543210385330017e-01
4.706493934329882833e-01
4.698357667385965053e-01
9.047704868518583465e-01
7.828993965681065870e-01
1.064683022956172675e-01
7.048708498551179424e-01
4.825477720709662327e-02
4.241121235063293193e-01
2.067069087033295283e-01
4.944139642020949910e-01
5.795180163912623250e-01
5.838840463021993665e-01
3.241599212467928259e-01
7.919837753086990118e-01
5.871129529784255840e-01
3.407626409279778668e-01
6.665784975671962265e-01
5.858488106047146093e-01
8.544774528918305800e-02
8.936612960659253702e-01
6.689714771601042997e-01
4.544533941945118616e-01
9.960577463937425602e-02
3.702231777144895930e-01
3.998913400733059009e-01
7.239153663746163980e-01
6.132605711594678599e-01
1.118251434123354454e-01
5.813684855841970700e-01
4.922616310729027722e-02
9.002932086829877889e-01
6.237284055312346531e-01
6.526201027553094614e-01
4.745865774665106729e-01
8.284696901599124530e-01
3.069940120858987709e-01
1.352110346753476189e-01
5.019021810567553255e-01
4.765170536563066439e-01
6.022146199600736383e-01
2.156986605227225462e-01
8.198266158675832083e-02
4.030243954471225409e-01
8.988012904940824166e-01
7.321395902991536531e-01
9.212503892517651671e-01
4.490710747168397132e-01
9.184340958913091990e-01
4.228167621041613589e-01
6.850617745682076043e-01
2.372110735335739296e-01
6.575745882925488894e-01
5.423946252977679405e-01
3.529690379676254652e-01
8.560719846628925822e-01
1.521933438185750498e-01
3.840632698124556987e-01
9.951298797855596678e-01
4.386927950139896115e-01
2.783108092159348734e-01
7.724254333334416023e-01
4.744730216485458785e-01
3.210957435551260453e-01
9.792663069709304224e-01
9.546209555298976746e-01
8.062213537732993984e-01
9.526813191062057928e-01
9.688945077730366506e-01
6.398005755110579562e-01
2.753348305257117060e-02
4.110786165016982463e-01
8.879792668205117590e-01
8.225167073277713792e-01
4.745838764093190248e-02
4.581916472587996836e-01
5.569050344714251422e-01
9.761942883994862985e-01
1.539063161280172232e-01
2.256517606344259075e-01
1.761936696300711036e-01
5.533866578024044802e-01
6.318600509559030298e-01
6.244288096799447407e-01
3.829058523855011220e-02
2.164271550145146494e-01
2.826570146333021172e-01
6.587768055354658037e-01
9.418675597895148632e-01
8.398992255890576075e-01
3.385681207728708508e-01
4.869396811850386086e-01
1.464461813790716993e-01
9.066427988479897060e-01
5.990071790363833415e-01
6.526549936245914507e-01
6.315019192779713908e-02
2.942482640171792951e-01
1.388861034199045941e-02
2.531727402746615785e-01
9.202637310628727363e-01
9.716648165770486179e-01
9.274642174246315873e-01
6.872321366715836710e-01
9.503278014577394295e-01
7.797589092957336598e-01
2.217888888777465317e-01
9.648644924796976330e-01
7.288337202467842779e-01
2.716729979177108234e-01
7.807018601666012581e-01
7.708437888586887610e-01
4.206953534372575021e-01
9.672365008647888507e-01
7.173233224196786662e-01
4.619177780069837480e-01
8.935957115929014094e-01
7.647009146974252936e-01
9.326683313716341850e-01
8.588275295443397184e-01
8.913709156080015239e-01
8.623436898674869955e-01
7.192483484258446191e-01
6.482223605545036627e-01
8.677748680687984439e-01
4.965938625450306843e-01
4.504872524224204366e-01
8.705821545925968019e-01
9.803423128886088467e-01
5.657431659096144871e-01
9.435174886472066369e-01
6.410237554553582795e-01
7.620390082731228754e-01
8.176349745514229772e-01
5.168812359418113456e-01
7.737557354481439109e-01
9.644052674053948948e-01
7.354732428751976636e-01
5.129059763430670049e-01
5.390810348328652912e-01
8.955665782411965647e-01
8.471642078171963686e-01
7.010716223278162795e-01
9.731421427564060922e-01
1.482212918197584883e-01
4.110907296261899213e-01
4.509739041430568252e-01
2.067740004844331042e-02
3.197541188380264437e-02
2.500980073269220560e-01
2.903523875151787781e-01
9.527765333704775463e-02
3.591708790281785135e-01
